Id,SalePrice
1461,159270.26679463027
1462,171402.33760189745
1463,196721.18854437178
1464,199623.6609911182
1465,168740.88639079046
1466,178211.1105554239
1467,184387.6502447968
1468,154329.30974970997
1469,185736.44988563829
1470,145804.36109738683
1471,191100.78377645276
1472,123969.1506543858
1473,123919.25774461759
1474,158522.62419766985
1475,94033.651072241
1476,283676.7867065824
1477,235621.35182210384
1478,265617.19535476447
1479,247718.8447905674
1480,425230.9325321147
1481,294688.32457126625
1482,180744.0799452835
1483,168154.0168279853
1484,149214.94409652057
1485,141429.89005214928
1486,184754.45596862762
1487,316998.0330772892
1488,244776.77438769283
1489,180989.98130483908
1490,218643.42837187837
1491,190392.0418517007
1492,115848.27432047173
1493,182247.37725359507
1494,278321.5350089383
1495,278535.44290268247
1496,203871.16818122572
1497,180538.49788263277
1498,143803.33505774374
1499,139317.82527481628
1500,151390.52961280133
1501,206555.8031539011
1502,124474.58785628573
1503,252446.82796042183
1504,226985.55946728348
1505,223082.23144605427
1506,227660.4703982338
1507,283136.5694254649
1508,225046.526370447
1509,166236.68965055718
1510,178235.6777413118
1511,160389.73644963966
1512,217919.38257309556
1513,166251.225827092
1514,192021.71238564284
1515,236266.00239653426
1516,167167.51931447067
1517,156805.43339962876
1518,190320.8940675036
1519,246812.75250447151
1520,143848.76283158455
1521,151260.25134881356
1522,205447.80775438843
1523,126056.67175275275
1524,117609.42369995678
1525,110603.87676458409
1526,103854.7607515136
1527,126172.39826603138
1528,147631.19654844844
1529,150909.44553705057
1530,222362.86644096609
1531,181732.67968267578
1532,91274.60992658185
1533,162808.59399405736
1534,119135.00975650417
1535,160431.07950159558
1536,111448.4409738218
1537,129194.17899487348
1538,141773.86699255003
1539,196114.21859618922
1540,157938.51801936835
1541,162603.78540721306
1542,168271.60652918558
1543,186663.7218824502
1544,84931.80624173893
1545,101574.76343848211
1546,134207.4982990045
1547,150774.8775979525
1548,145402.2056802712
1549,144972.24615366946
1550,162701.13222036397
1551,121730.07461291463
1552,182586.47563963523
1553,152456.7135844226
1554,104449.89606883538
1555,193372.67929240098
1556,91536.73999263294
1557,118368.82565908687
1558,89031.86623858979
1559,128206.81546879333
1560,165362.6197242998
1561,188657.08777282655
1562,118186.1619772834
1563,122415.54228444536
1564,185837.17513798797
1565,161906.03157160067
1566,235773.28480537163
1567,98620.07103125376
1568,250251.53924902566
1569,163321.45182593053
1570,119513.69451369692
1571,106530.64429475354
1572,162054.73929311972
1573,216451.7973850418
1574,164078.52578194434
1575,229385.79974948827
1576,272184.26232003036
1577,176566.17862525696
1578,145396.12282413966
1579,147951.75092928813
1580,185133.70604333843
1581,140223.78684878658
1582,126290.73606625531
1583,306410.57851880795
1584,238623.96907832823
1585,132361.52815645118
1586,52762.520568197266
1587,92556.69574267867
1588,156377.32893005054
1589,134463.26004172282
1590,128574.27370545048
1591,95828.55357806229
1592,136944.40343569088
1593,116024.04434932006
1594,171340.53281362867
1595,141988.96770796177
1596,221516.94099447812
1597,229184.38531706887
1598,163582.35748528622
1599,155254.63628248192
1600,157884.4371063226
1601,62544.97253372868
1602,148163.95802490631
1603,84337.82704207407
1604,233043.61036957268
1605,229606.04462487382
1606,181324.48993226612
1607,247297.7489384726
1608,196691.32990459658
1609,162970.4762139503
1610,143335.66746636972
1611,154570.64411503065
1612,190398.73138017592
1613,203455.76662591088
1614,121645.62973424389
1615,97515.815959352
1616,84074.94378360662
1617,97713.73501778246
1618,116241.58594633003
1619,140780.56970317385
1620,251580.4892648617
1621,155803.4828821201
1622,148451.85441515569
1623,221052.13767366344
1624,234756.95336863035
1625,127656.2431072659
1626,211707.4844836737
1627,196911.17789628298
1628,260893.3875380129
1629,153898.06036792047
1630,304103.17010882427
1631,186776.5970581251
1632,209394.4129324871
1633,146110.63742921271
1634,180599.55938802386
1635,162767.36231376635
1636,151217.84269280185
1637,233865.0702480996
1638,225928.97956492123
1639,212265.94707096159
1640,266687.91970452934
1641,197133.57063523278
1642,208493.7381446989
1643,208166.84174679013
1644,209326.39609865006
1645,237434.57110929597
1646,167108.80543635483
1647,162575.51544805607
1648,149345.77471529902
1649,137516.72398401322
1650,146347.86881800948
1651,142545.08788348062
1652,111648.86201618215
1653,106179.03616994472
1654,157759.93091327316
1655,126979.67725658645
1656,149692.67798711814
1657,158304.81241208594
1658,154941.18532974093
1659,111600.45381327113
1660,170518.3288999414
1661,357039.98483018094
1662,312240.08113159036
1663,318750.1486805148
1664,388150.6139026123
1665,270914.39097076043
1666,288960.5070433039
1667,303683.7513357174
1668,281741.4318043582
1669,235824.30463092795
1670,283323.8569145925
1671,268144.87675752235
1672,370071.19354909286
1673,268117.59206773323
1674,258592.78052961073
1675,195721.09392615015
1676,198345.2974853116
1677,193893.95661968732
1678,397849.98419080564
1679,321526.4498389909
1680,266260.99421991134
1681,210776.46783361147
1682,269537.60901083954
1683,182474.92091588696
1684,155971.75189410878
1685,156098.48094080208
1686,149157.31043434303
1687,136766.77257793385
1688,186215.12682775923
1689,183924.29543390684
1690,165402.7544736028
1691,155186.07451956547
1692,222718.83718451805
1693,133936.31028629027
1694,166634.9508279829
1695,133976.37303169898
1696,278081.95864641404
1697,134809.67898562577
1698,323579.53990775236
1699,293728.0763966244
1700,252820.356674082
1701,271381.1444645343
1702,264634.5312431398
1703,241504.95917614468
1704,265594.94794735103
1705,210261.55781516075
1706,351846.2818593586
1707,188139.10749313826
1708,203761.92367954282
1709,252974.55208280528
1710,211260.910142888
1711,236041.4262116141
1712,239081.7429691219
1713,251154.01702573764
1714,218986.41434618933
1715,192780.17933318447
1716,173804.84046072752
1717,161345.15325698123
1718,125382.44535450928
1719,195662.39999812745
1720,241437.33042337323
1721,173887.18547763128
1722,121757.88740923097
1723,169132.46882369474
1724,216115.83365002964
1725,230065.27006250128
1726,190262.37258492477
1727,165417.28151835978
1728,168448.76563824955
1729,160290.79847116495
1730,162753.27360296535
1731,117019.22841914202
1732,158585.0679249597
1733,132519.40092830468
1734,131759.6639769929
1735,116157.17201719053
1736,102279.68912376915
1737,318488.71606960933
1738,230192.66543091592
1739,296284.08270897565
1740,226316.8077497798
1741,192902.01052029832
1742,179388.63260812228
1743,166845.78420505175
1744,284927.5551139288
1745,213300.64522822885
1746,217460.39246818452
1747,239145.39314327197
1748,262424.64737540024
1749,190334.14289504898
1750,160088.27817278888
1751,259725.96930912512
1752,111741.34074225165
1753,190553.23546904343
1754,238997.55552824642
1755,190756.15642730478
1756,130753.4364465596
1757,107098.01531820759
1758,188513.87310968267
1759,194609.4678084255
1760,198084.5740738886
1761,186207.88456213957
1762,196881.19125449297
1763,172291.9847454696
1764,114552.59623935743
1765,206972.7655865837
1766,209947.36880480693
1767,240735.62800954405
1768,157900.146553265
1769,160779.97785812564
1770,132375.69665129343
1771,132804.55805165958
1772,166349.6675604757
1773,129695.60520373417
1774,234698.3286001919
1775,128368.47909101227
1776,138583.3463317913
1777,95548.75951295212
1778,124804.27308446776
1779,128388.00634169616
1780,151579.97892835957
1781,138113.5621554034
1782,103004.81479301798
1783,166809.7311017422
1784,86301.62826884138
1785,117762.8114169522
1786,133879.6962268538
1787,160718.146111428
1788,55093.74832532454
1789,112738.99069021145
1790,81520.6403826341
1791,293441.1547632913
1792,184580.1112449885
1793,138744.59039623235
1794,134645.46038015131
1795,137692.45060104274
1796,100888.76846518191
1797,184042.09419163552
1798,116971.46255426963
1799,92330.19727708308
1800,106666.16231471872
1801,154910.16943514693
1802,146082.88634585775
1803,193940.64292487383
1804,147796.7411879725
1805,126367.12790280476
1806,123288.0787413924
1807,168865.43728189397
1808,119664.06328051732
1809,101416.96133661481
1810,158899.43100679325
1811,106558.25586942086
1812,109770.34125682917
1813,132848.5613839306
1814,88321.83422177409
1815,51099.44296895382
1816,77939.98910066394
1817,156560.36762970782
1818,180287.27438666244
1819,118812.44850177434
1820,68969.64928978273
1821,91288.07983603241
1822,153370.21026817648
1823,50101.63800442362
1824,142635.02907872866
1825,144041.85196629868
1826,117962.16047050404
1827,105023.164798389
1828,156904.06601529606
1829,187234.27460929024
1830,174046.5652062711
1831,151409.91959804282
1832,167453.9530493994
1833,154927.6725488176
1834,122407.16224611153
1835,154264.98157366927
1836,157540.86860039533
1837,90792.53227760343
1838,104323.6330165815
1839,73806.34351997524
1840,140516.37682110636
1841,136899.75861364533
1842,97746.10402648535
1843,174580.06403599455
1844,118618.74782277465
1845,153600.23514808173
1846,155823.98650149224
1847,191870.52566784818
1848,38033.338436010636
1849,118402.12666122692
1850,127180.30285330367
1851,145054.83602779332
1852,136168.6924306108
1853,126287.87347108575
1854,145740.0388101694
1855,142612.07110913759
1856,217512.328377715
1857,160210.369991194
1858,196821.67039210536
1859,115230.56366772817
1860,189460.6398747984
1861,113965.12382468462
1862,312676.26933173084
1863,312003.1365073775
1864,312009.4624337647
1865,288124.65552406316
1866,281879.4830232315
1867,233813.65252061203
1868,270065.2010956716
1869,200392.23611596305
1870,220018.6912232204
1871,230942.77615545818
1872,155564.56183079127
1873,230373.51963035527
1874,149334.7668019572
1875,201281.4607113638
1876,208885.67673450732
1877,214850.70216323968
1878,215577.41568778292
1879,128658.64920779433
1880,131993.3723953931
1881,290202.2001002172
1882,247489.70680767542
1883,186656.37724955298
1884,217004.20575112037
1885,223227.79629581736
1886,258726.44465713386
1887,210370.78221278917
1888,260350.36323848492
1889,155067.36638094764
1890,159412.0779475235
1891,127428.09037552905
1892,106011.57448910616
1893,132929.39911600354
1894,161960.81852567775
1895,170962.52215953497
1896,128776.6124555034
1897,129443.30074086021
1898,121214.58369887334
1899,121540.30158776205
1900,118704.37012912564
1901,158914.10545277153
1902,182212.26911456394
1903,209043.78054952997
1904,128515.94418298514
1905,193635.23535035554
1906,148661.80743231403
1907,234515.1361991764
1908,122116.30840978496
1909,138859.3619945099
1910,130986.66847207693
1911,220563.61796764456
1912,272022.82036315533
1913,203973.4253822753
1914,57137.13222581602
1915,229003.33904749117
1916,67329.63275827911
1917,240216.75439103917
1918,135154.94238810494
1919,180787.5606389851
1920,207929.7372327108
1921,310742.62672640895
1922,269060.48823250155
1923,217371.4158506975
1924,231276.49346597932
1925,209986.19873593302
1926,318894.81436674675
1927,146389.260710743
1928,182004.22999766347
1929,110759.45164296016
1930,122830.77255172397
1931,150534.09890945483
1932,150404.50721104114
1933,202984.75860939547
1934,181561.98647749424
1935,173954.97910490978
1936,190727.70726834278
1937,180141.31488701046
1938,172574.7877463962
1939,203665.75472611602
1940,165786.49057486124
1941,174573.02733322588
1942,187006.34528730132
1943,156669.35725683745
1944,275296.07361003995
1945,281518.01088698546
1946,175929.20016196545
1947,234032.31549810342
1948,195629.99766009065
1949,229378.55397976798
1950,193311.34671577942
1951,280512.57369272935
1952,253587.67746418185
1953,194036.83875870236
1954,206452.02946208784
1955,145784.74938324015
1956,366921.0720048055
1957,180157.2962471478
1958,293917.5294309333
1959,179118.0711680933
1960,116475.89196559416
1961,124091.1170275441
1962,110757.83369644596
1963,139540.6114254525
1964,131510.89745120495
1965,146713.35751261143
1966,131602.35736760285
1967,270091.80479196936
1968,352997.9371057777
1969,301898.4811411345
1970,355078.59839495184
1971,382060.21420010657
1972,324461.5884662716
1973,233382.18700594487
1974,285144.70304895873
1975,376774.3965880392
1976,263035.58102316345
1977,345688.47465992346
1978,321811.06189122575
1979,272799.0950123936
1980,173520.9185594836
1981,301902.131461569
1982,187614.11331778008
1983,178053.14570026338
1984,166553.24472977014
1985,219544.89482178277
1986,215074.20733521623
1987,159292.6172027783
1988,159076.06410863908
1989,180346.27782122567
1990,209047.65516635243
1991,193503.1679265958
1992,229503.63880243615
1993,153940.9857587388
1994,237534.87904631288
1995,174062.09374027187
1996,281628.13935535576
1997,271237.3667583109
1998,321001.5436754728
1999,238832.48697236576
2000,297210.883723574
2001,275504.6196811353
2002,227367.99107520306
2003,250445.52833587263
2004,262656.82419329253
2005,190960.01601221343
2006,196731.3138126033
2007,240064.46396172806
2008,192657.69685648748
2009,189422.2119493609
2010,190703.33623950172
2011,136370.15855463804
2012,155165.88875217063
2013,180232.50851903966
2014,198730.47803986698
2015,195165.99626203222
2016,196162.87628180912
2017,197948.1880665589
2018,124859.61866684732
2019,131477.44108243723
2020,104177.42523951647
2021,105357.91578694644
2022,194039.82841271453
2023,166392.77235064757
2024,292423.35058964364
2025,337430.88204307883
2026,157129.24396380596
2027,140254.74838485435
2028,153447.06709484826
2029,168940.55367741818
2030,227325.90733124703
2031,199619.29765912247
2032,199589.4708011922
2033,217318.6697125022
2034,159682.93742466616
2035,220274.4152577937
2036,199793.45366100976
2037,203383.253249312
2038,247957.96421502004
2039,162474.716391467
2040,349650.5042033721
2041,224637.49893317098
2042,198101.18674700547
2043,191353.02154445226
2044,218430.79681069817
2045,197258.96029797994
2046,184324.14765373376
2047,162226.38205023244
2048,145736.83539814834
2049,201757.33370029097
2050,175567.57086485642
2051,83808.66901722478
2052,146579.60531221144
2053,146789.3670774676
2054,77704.45140780549
2055,184630.50018248303
2056,123042.99000619909
2057,134937.86299663092
2058,234136.4220051489
2059,151608.73944147845
2060,200452.67989506703
2061,219322.70974356824
2062,140897.03996102247
2063,95695.28408850697
2064,164714.45590534908
2065,126973.30927160759
2066,196367.59797956844
2067,126506.13826346355
2068,201811.48464317597
2069,73864.34260024296
2070,110223.33755648836
2071,92099.30744131631
2072,226656.2870041735
2073,142619.4667686652
2074,175122.73007025852
2075,159070.21288007856
2076,129774.85769405715
2077,150862.25094151893
2078,121489.79317652533
2079,157597.69528228158
2080,106157.7316775333
2081,129043.46884230747
2082,170437.15347118973
2083,162733.3531723588
2084,101027.46616117477
2085,122709.25757403224
2086,110687.54716792813
2087,136496.16701352337
2088,136858.01212877725
2089,75622.45297468177
2090,120435.32456561636
2091,113821.09594431355
2092,168677.96678089845
2093,142112.0249558039
2094,97572.79061519013
2095,171521.39441827155
2096,69557.83257375075
2097,93783.16364199115
2098,195783.8638972353
2099,54729.25360235574
2100,116237.81243709514
2101,150815.15038167054
2102,132402.1003362344
2103,82617.03832081099
2104,183652.73444954146
2105,129957.93714388103
2106,106981.24562066678
2107,228960.75685626263
2108,123365.2057175694
2109,118489.09908791869
2110,135050.652492808
2111,147285.74547950784
2112,155372.61181158957
2113,118646.20924435197
2114,108899.2424227548
2115,157518.99633958112
2116,110842.82751119274
2117,186882.10753131975
2118,121606.98380136088
2119,91369.39979012664
2120,109720.62380848546
2121,68073.6396600954
2122,123798.44240197122
2123,56862.96113530266
2124,185068.81531327244
2125,195878.73398564343
2126,188370.84513911707
2127,192738.52489663012
2128,141251.39971536235
2129,95253.11018696288
2130,149451.65468271944
2131,143339.3672245024
2132,128670.87009102845
2133,121612.57628277158
2134,124873.28256588697
2135,101684.16811683189
2136,82569.00701890534
2137,111875.18608826389
2138,141888.92487576586
2139,152319.5455999019
2140,136657.0105134552
2141,135221.19287737677
2142,141063.00047961052
2143,143864.69347031042
2144,131734.20096046478
2145,130787.13134697746
2146,160637.0960559149
2147,200119.04833429938
2148,152140.90661913902
2149,169437.95570839464
2150,198807.83779981604
2151,105510.72901556225
2152,167510.43812077589
2153,211314.84125069893
2154,96312.20215395036
2155,143283.01765008294
2156,301202.97077517025
2157,248786.32186100405
2158,221090.88435663507
2159,192819.54823525812
2160,156231.5900413562
2161,245387.22550795358
2162,392421.2346394977
2163,288536.64288935135
2164,236877.23644608274
2165,186542.97911727522
2166,157196.1883368337
2167,220287.64945360913
2168,210440.45500808384
2169,191277.9937664506
2170,215578.61100429483
2171,158713.45892651266
2172,159085.6349192232
2173,163599.94458859955
2174,239607.14249432704
2175,262221.42013358866
2176,272375.65486958047
2177,239653.0806188737
2178,204107.92642248882
2179,134265.10968966878
2180,260292.93075928345
2181,182820.28098467988
2182,230972.03602671457
2183,185425.531680044
2184,150300.2563363102
2185,139320.69236287507
2186,154567.8268896135
2187,159870.5511709654
2188,149519.68691329812
2189,291695.9978580223
2190,66522.54793872323
2191,69239.78200322416
2192,81552.37468467627
2193,94060.99323795483
2194,72695.86084028553
2195,123308.59628765075
2196,100196.94325354537
2197,116645.54537082331
2198,145335.1091093818
2199,186609.3619878919
2200,137546.6739581034
2201,148870.40825991193
2202,135917.55425150236
2203,173656.2210879926
2204,174636.69013058505
2205,132404.31146712622
2206,153705.7397422637
2207,188556.664519354
2208,210839.4319516523
2209,222565.95305137997
2210,124464.71882475191
2211,92776.56089560087
2212,105531.74668592289
2213,97305.16265203855
2214,154474.40906914772
2215,98358.63511171058
2216,195950.13216585558
2217,78403.01736838659
2218,92880.92609300691
2219,82491.73174842977
2220,73785.18735315582
2221,233360.5660421299
2222,230497.336227299
2223,285572.7043633619
2224,232477.86954859714
2225,151091.0385106313
2226,239864.01634972254
2227,205752.31506910644
2228,239825.49884831588
2229,214846.67241626634
2230,141137.19688646068
2231,192694.60523966746
2232,188329.60414767542
2233,204006.74577196053
2234,213049.0115350207
2235,221598.0709530511
2236,239518.9879457113
2237,323204.59644881147
2238,214694.67340318774
2239,120492.52984415974
2240,162354.6489754954
2241,203441.011765924
2242,142513.34436358936
2243,134441.11970689322
2244,107825.01605391015
2245,99469.7164490437
2246,140510.61760658535
2247,100931.4320241873
2248,121021.40818558069
2249,110129.6114658717
2250,132063.02206249884
2251,153299.51621539908
2252,216535.5812954912
2253,130318.98197625401
2254,169202.4403106675
2255,203023.83717649107
2256,164011.29367021704
2257,230434.11723800973
2258,150468.26770527413
2259,183584.25346204772
2260,156874.4640546199
2261,156676.112128423
2262,164737.41361460713
2263,290565.52747052826
2264,402216.96102103335
2265,203792.48258376282
2266,217692.31179658326
2267,358816.04733267496
2268,295154.82843645115
2269,155750.63010734852
2270,186762.74423599674
2271,226984.3505954329
2272,230627.1110284302
2273,180424.3581583776
2274,204786.87863022272
2275,209401.57770984527
2276,195513.62813486444
2277,205632.52432251212
2278,182945.64045986312
2279,120258.49345283723
2280,116655.28576135261
2281,172487.41516768816
2282,181182.02956058213
2283,131128.78370584632
2284,120141.0851897908
2285,130340.86869225967
2286,130796.05473993198
2287,277855.48227818863
2288,253298.41215493862
2289,314593.6211525378
2290,372092.6957288194
2291,275038.61119404936
2292,325865.6804061278
2293,373840.91381238465
2294,333588.5658376627
2295,395144.85844191856
2296,265212.1524086548
2297,261063.5745821688
2298,279541.83021008427
2299,356512.22092368605
2300,309707.426511353
2301,246400.09962878836
2302,260415.1983153246
2303,232364.21322904664
2304,234488.86176912623
2305,197050.63034970997
2306,199111.55949483917
2307,193796.12062693303
2308,209947.93589910588
2309,231055.9355553126
2310,175771.57919087834
2311,197945.42057156414
2312,176691.60265220155
2313,165012.11910460936
2314,162513.84659762788
2315,164442.6036545598
2316,167872.67077796254
2317,178087.51467301647
2318,166588.56607645858
2319,158627.47730304333
2320,160492.08993062496
2321,215096.46606341773
2322,161108.84659568602
2323,147783.5320443255
2324,139974.1419595094
2325,197709.81604980424
2326,138444.24960978163
2327,192842.21887299247
2328,216072.771327675
2329,183407.25803808027
2330,199152.77469537038
2331,340715.09660113824
2332,345695.07224696927
2333,304715.02068403765
2334,258503.10387866027
2335,247601.65090428886
2336,336134.67211090913
2337,191860.1165163645
2338,257054.50963959494
2339,210309.11123289878
2340,340244.80424479174
2341,197154.81990248337
2342,214248.38188824695
2343,228789.6087260356
2344,223048.22702542407
2345,232873.32530480513
2346,186090.82909895503
2347,186109.6816083385
2348,213016.6483647669
2349,175000.5516444219
2350,251218.82870557596
2351,212768.28320591312
2352,239475.50388459142
2353,289059.98498381284
2354,124071.05977015398
2355,124926.38428435975
2356,170091.30020399316
2357,198624.42456967785
2358,202183.95013448433
2359,131185.60717104803
2360,117016.01182047777
2361,172285.40461884948
2362,281582.48574519187
2363,152673.77778029742
2364,180607.73419989945
2365,191107.32912787847
2366,148349.79578463445
2367,187300.10024428772
2368,182671.5783524661
2369,189494.38367177307
2370,170321.00285002132
2371,169530.05388354682
2372,197784.33098218593
2373,235333.51149968547
2374,309061.46794661914
2375,184964.71653899836
2376,312318.1894662226
2377,319397.46800600813
2378,138522.75783568047
2379,269367.7610231125
2380,150595.7380049174
2381,201387.94572892852
2382,203870.01308859797
2383,208878.83690466286
2384,243610.5399675088
2385,161728.33043706274
2386,141286.60934933202
2387,135237.90158861078
2388,106449.78727837813
2389,129123.35992134058
2390,142694.30486177045
2391,172524.16946848042
2392,105633.57717004503
2393,162553.2213535862
2394,147164.04517069543
2395,234907.9283616535
2396,143980.5928636253
2397,228912.89033153324
2398,144297.23705379246
2399,72342.26553126698
2400,56219.60209055854
2401,105432.9320400925
2402,145417.78137255387
2403,204845.9278040012
2404,150712.10747962125
2405,180633.88585513632
2406,128882.8743678855
2407,128868.65111266205
2408,174638.9629216304
2409,134265.19546199788
2410,202473.27437976116
2411,115443.44169025286
2412,174892.98846709137
2413,140956.63387245344
2414,132684.69940485383
2415,188008.99166860853
2416,125500.99086579199
2417,110670.50794979486
2418,110196.81083115908
2419,159906.53872947124
2420,128480.07412978023
2421,150974.5272206442
2422,133069.00310216754
2423,139740.0009477952
2424,152939.82460658165
2425,317380.5875405018
2426,172590.3841749801
2427,125170.94679443914
2428,193610.41720678896
2429,105165.03567046019
2430,126303.7418290547
2431,138226.26118529786
2432,126665.22153455096
2433,152299.98707776147
2434,148507.90004032178
2435,166901.69972548465
2436,74194.99523631397
2437,102607.2250205758
2438,108012.95477190793
2439,121176.41030783766
2440,141799.19435044873
2441,113839.2788399066
2442,95820.41547265218
2443,126825.91012610856
2444,141360.84643004817
2445,90289.74474024342
2446,154380.27532558265
2447,193944.91999203037
2448,147906.64324330844
2449,134340.6329071531
2450,177191.61356809153
2451,133046.79573775653
2452,213886.25254139138
2453,78788.31947762922
2454,106493.67140042134
2455,119787.8287683612
2456,150854.01707499343
2457,111952.76330615506
2458,108688.36307712785
2459,86969.93405388214
2460,160011.42888060724
2461,118628.04202494859
2462,136398.52549967056
2463,130744.24467126277
2464,210432.46248247242
2465,145171.17923648446
2466,143566.34818505635
2467,137007.01968688818
2468,94399.79979156547
2469,106974.8795865161
2470,233867.87908382446
2471,203842.65218205896
2472,221963.03290222274
2473,135239.24785091513
2474,133763.0502952487
2475,240329.2908534094
2476,113240.45474287904
2477,120810.89126184427
2478,188063.182042435
2479,134111.7998534177
2480,131635.09102619637
2481,137049.63329804022
2482,128475.96154837664
2483,106614.32418948223
2484,148094.90570339607
2485,118507.87373776079
2486,150928.3899567242
2487,279981.0442753225
2488,126080.56637548894
2489,150289.08470972907
2490,144779.4737212029
2491,83213.10867893088
2492,192102.32614537416
2493,143454.6155661163
2494,194028.02362743835
2495,112330.1540405678
2496,255595.56896364194
2497,180963.59945898736
2498,115013.0440888466
2499,74694.21959844799
2500,119307.47423045678
2501,148381.39665713627
2502,154766.0234256145
2503,127716.5054268073
2504,135485.17735432234
2505,211733.2439798425
2506,258827.50580590573
2507,288961.36191436206
2508,258371.2873053613
2509,235012.51475123805
2510,216494.4397984297
2511,170833.19711147508
2512,206691.0889882218
2513,235823.36505117785
2514,208043.0834321752
2515,168728.2499570387
2516,163128.40059171536
2517,145586.30363176521
2518,149507.26909564558
2519,222204.23509262077
2520,209425.87870113977
2521,184029.66861190452
2522,221339.97279450385
2523,127229.13631587719
2524,138717.36606140385
2525,148915.0430014562
2526,166399.6574773921
2527,107673.12368529252
2528,121888.04043599649
2529,145684.98423223055
2530,148704.93579814484
2531,253148.0998938288
2532,220834.20658181093
2533,216636.17212302974
2534,223195.31138281454
2535,292903.70571113174
2536,238825.67438215984
2537,204896.3987471746
2538,168033.99743240228
2539,179415.560964164
2540,166616.7297521085
2541,168027.3640643501
2542,159883.71213227563
2543,151339.9874725486
2544,138345.2859085821
2545,157090.3548654783
2546,167286.12886504547
2547,150965.64798992826
2548,182060.7914417331
2549,166940.16969218673
2550,717440.2124150702
2551,127185.65491407564
2552,121611.87970039445
2553,72420.99401752972
2554,117248.66955621196
2555,80964.60565339582
2556,94643.3431547708
2557,138653.8379432523
2558,226355.95270004706
2559,149028.86704445002
2560,119639.7639442153
2561,98703.29416030904
2562,124093.75675913863
2563,119736.25993567487
2564,169930.8245259264
2565,115496.21258576344
2566,155715.66320149627
2567,147796.57696824503
2568,188231.07020561598
2569,185896.6801357808
2570,123232.99083034409
2571,221837.88190082
2572,144151.29454574952
2573,250694.23290332092
2574,222341.77883088306
2575,155012.2098797598
2576,140077.17822636882
2577,152542.7153704341
2578,69210.22195900627
2579,51172.85628779519
2580,141406.04825235
2581,186997.13660405425
2582,117588.95502858266
2583,242349.78332268234
2584,153619.86990241916
2585,216013.6524822532
2586,215297.67668985348
2587,204213.71201776082
2588,121835.04522215656
2589,153569.59526387954
2590,215422.58348215107
2591,265259.87990163994
2592,205455.0324262895
2593,205380.9392946469
2594,176086.8295137445
2595,184812.6594672911
2596,310481.0968382031
2597,199974.65481325446
2598,257932.98838442532
2599,280190.83202180103
2600,213200.69793331
2601,121343.19499824132
2602,97693.68301553643
2603,105028.28741361348
2604,100074.12324763574
2605,98130.7593855732
2606,173382.20195256415
2607,250379.13920230285
2608,252395.29950850533
2609,179750.89353556326
2610,95233.97908476277
2611,207879.30282746578
2612,169982.89214268993
2613,123560.74003991782
2614,120584.0471779672
2615,167769.51092727188
2616,151721.9258390575
2617,266411.6676440706
2618,248924.37454773425
2619,238713.2488631282
2620,190506.76148951548
2621,171543.00274805428
2622,197056.49661455952
2623,227352.4662379787
2624,291821.4337701893
2625,288041.45735861594
2626,166663.44216999155
2627,152007.89687287612
2628,336129.9594173533
2629,375616.00887077546
2630,278766.35726074484
2631,354988.38967046334
2632,324627.7422055272
2633,235542.3493872869
2634,315249.2802377326
2635,167371.93522251656
2636,214457.13006072957
2637,189036.38073489038
2638,247807.93212125494
2639,197854.7010793115
2640,176641.1310331928
2641,126690.36352406438
2642,201584.58488546996
2643,132754.2609245898
2644,150172.81708388412
2645,110252.47376014298
2646,109690.86254756415
2647,139843.07381016226
2648,148582.23660250977
2649,129872.61764506163
2650,114331.42933157635
2651,147688.5856475774
2652,319632.0151872856
2653,241578.02090333865
2654,251963.94644060105
2655,344142.5549929921
2656,269843.5229367264
2657,274487.13478209265
2658,251876.95370156527
2659,258518.89595258504
2660,291472.954937901
2661,298100.7184803467
2662,297884.5021865801
2663,261689.7560452535
2664,219425.76819712878
2665,291163.05511057365
2666,245334.53184416902
2667,152238.32366870102
2668,159614.04841248374
2669,170251.97884557702
2670,260491.56941811898
2671,164601.391394077
2672,166952.33433528192
2673,187124.8666971904
2674,188265.08451081265
2675,144767.0573781556
2676,174346.10622633965
2677,198200.30346671003
2678,258979.5288237364
2679,267694.1757885132
2680,268202.282938845
2681,366087.2670435052
2682,318214.0211482541
2683,445246.1073969363
2684,308162.9058289637
2685,319615.6109901082
2686,248280.97055357174
2687,260609.7292536695
2688,198794.20810089604
2689,176157.1327517804
2690,334045.3648298206
2691,193086.83767210503
2692,125215.9423711682
2693,202206.82121908866
2694,124149.8872699513
2695,195516.14005927352
2696,177865.2320829252
2697,220228.45509108357
2698,212929.9608598054
2699,183150.6902123992
2700,154161.7755414794
2701,149313.48175466427
2702,144208.9175219956
2703,137148.48622726553
2704,164294.08928565256
2705,121956.10772543846
2706,116153.19558169681
2707,139191.15441277056
2708,128191.02432831109
2709,101472.60570205035
2710,120057.12666281749
2711,273740.288479883
2712,350869.48331606365
2713,159356.23291033763
2714,132362.30626203102
2715,178545.32999268637
2716,122427.14183623478
2717,182859.65818262345
2718,207959.59697930497
2719,169668.50244106766
2720,193089.9438884484
2721,148233.07421622126
2722,211478.50459479005
2723,157136.78237382052
2724,118221.54191863444
2725,140321.8260240187
2726,161463.48975709794
2727,154848.96551963402
2728,168156.63947235685
2729,145185.79283075783
2730,149076.7479624916
2731,105181.40206348227
2732,119041.51063885933
2733,172792.86320968045
2734,154685.11491558072
2735,145023.95570904057
2736,158768.92182070418
2737,103242.856497708
2738,182516.81499387475
2739,160915.56317356558
2740,141941.91366340197
2741,154439.45893422075
2742,188175.4489797335
2743,167353.06123084584
2744,151703.9227949301
2745,138185.5188236139
2746,130741.18018122438
2747,149544.2574213032
2748,128277.55241116573
2749,137142.98374351882
2750,114695.74073351591
2751,122768.97631289014
2752,209382.0762932545
2753,208823.011532265
2754,349860.48333521443
2755,155050.45298938456
2756,88379.8577441654
2757,116022.75162368824
2758,69512.66288082962
2759,150421.2606512713
2760,191792.0994274516
2761,166247.5226499637
2762,155711.47288987428
2763,228466.5353691579
2764,138530.13909072746
2765,270924.91048288776
2766,177425.68159984986
2767,82113.29782570677
2768,147607.85463554956
2769,145688.68644116196
2770,148792.76846432983
2771,111105.06140841998
2772,110337.29089022928
2773,187746.77941794661
2774,164577.31333051328
2775,148450.04698708694
2776,143068.39033033323
2777,159369.45196456887
2778,96036.76273318796
2779,176542.75272592044
2780,106246.92611177854
2781,87197.22836046027
2782,114856.92810728413
2783,121583.31525021813
2784,127018.64826927088
2785,147130.53593845927
2786,54220.078675148565
2787,125948.76369294622
2788,93081.89655593551
2789,207908.3439888473
2790,89909.48792157324
2791,133511.7502967765
2792,89388.27312109015
2793,155147.7827533536
2794,113217.62692412651
2795,112405.1252597689
2796,88580.86965025564
2797,256029.40634466766
2798,151507.03852664406
2799,119160.14425048506
2800,70202.51918667536
2801,105836.54348428115
2802,137064.40618257818
2803,227227.89762572182
2804,113504.17648506508
2805,67325.86146317088
2806,90707.57190195245
2807,132856.58476380934
2808,182774.13472995633
2809,116529.59770477339
2810,133486.18870942312
2811,196256.64256758674
2812,175116.98396561045
2813,235309.44093456745
2814,237435.87075486372
2815,97979.33981915319
2816,222101.77975203923
2817,140126.0992992401
2818,129150.02078575459
2819,163836.78367450926
2820,172470.9874332074
2821,123234.87290393203
2822,214125.7124139979
2823,400403.62441647804
2824,220665.36690189608
2825,164998.69293141746
2826,128511.92156291877
2827,157990.2519429349
2828,267076.8709872849
2829,216135.31220499362
2830,235884.8403017602
2831,183294.63893414708
2832,240861.82391881474
2833,251857.0876641154
2834,211754.2815859585
2835,217938.66459885854
2836,213113.61267027896
2837,184973.259936474
2838,145486.59125354484
2839,188856.48500837586
2840,201986.07552734856
2841,200230.44491272405
2842,221449.39945933057
2843,165022.0243286395
2844,191150.05123008665
2845,109411.61335149124
2846,223304.92575077017
2847,211520.97455047522
2848,186813.79908006024
2849,200913.77048935782
2850,268945.09647174005
2851,214939.2090739158
2852,235149.7446227912
2853,239445.2073475597
2854,133766.1430471487
2855,195482.70667353788
2856,193582.07031325615
2857,187311.14093232426
2858,193175.80607587795
2859,153549.13809535318
2860,125715.81876905051
2861,159174.2159492129
2862,208312.65241216813
2863,106458.9138576415
2864,240109.0601404212
2865,128706.83442136232
2866,168043.66800710728
2867,92951.87524453303
2868,134159.040627256
2869,151446.48880478123
2870,180676.76077585138
2871,80616.70498431352
2872,50486.72180716594
2873,121967.10555863997
2874,154747.09925090167
2875,137050.3473187301
2876,161066.6536881566
2877,122130.11250468656
2878,133171.12994784204
2879,148616.79989056182
2880,123440.33540504356
2881,122744.85046027298
2882,176361.12623848542
2883,183988.58238977846
2884,167388.97851388386
2885,159444.90804914522
2886,244236.34932078567
2887,113634.37957170873
2888,144220.639454195
2889,50950.35172053545
2890,79301.25700454667
2891,176200.05681935424
2892,45767.67610843608
2893,99887.25966778578
2894,64250.30534330312
2895,253175.83645230523
2896,236203.61283260706
2897,220730.1905021126
2898,201558.716171176
2899,194644.55825500243
2900,168051.6818820961
2901,218368.18725310327
2902,193421.18317291673
2903,276782.58093815314
2904,286556.7924373117
2905,107081.49651859894
2906,214930.56645930695
2907,113638.61279764245
2908,115830.59117126628
2909,227706.3418388421
2910,60926.94921111169
2911,97880.00438135058
2912,161154.817324201
2913,102324.60531524869
2914,86019.16358315528
2915,84798.0186276321
2916,101318.44167720807
2917,203790.880599526
2918,106365.65008367601
2919,240181.20995083865
