Id,SalePrice
1461,121187.32946218447
1462,160944.87911065694
1463,177366.86216147148
1464,180415.4296593838
1465,194693.5153889528
1466,174855.3856761397
1467,168855.91133296746
1468,161698.5422559469
1469,182602.54948365566
1470,126920.13522583024
1471,203670.8467873336
1472,95483.6310355669
1473,95726.26568618746
1474,157225.65820071838
1475,144376.34341633783
1476,426692.09583558445
1477,276881.2013148772
1478,305179.48100318963
1479,282688.1013782112
1480,505620.47122396214
1481,323968.96206193237
1482,215657.9990566906
1483,169308.251726081
1484,174914.56093257584
1485,181747.63710957186
1486,191230.408333715
1487,353064.120542009
1488,241385.38802899636
1489,199140.5391596057
1490,224236.3550648015
1491,189450.136880548
1492,86999.72840626618
1493,194527.97259121208
1494,310796.9360548908
1495,293576.4295930302
1496,226353.39844849188
1497,176243.75384621543
1498,168688.95796730867
1499,167258.47586731342
1500,147383.07092509425
1501,165821.81840341634
1502,163587.52164629207
1503,310433.53658059234
1504,227207.49351005015
1505,214113.3216535242
1506,195006.61458188895
1507,240526.09119836206
1508,198809.0796023038
1509,164566.85927871984
1510,143723.2339513352
1511,139568.2953399392
1512,170500.18857373155
1513,153388.22107936203
1514,180229.36166086717
1515,201335.1783586599
1516,167061.48635544608
1517,153516.0524108199
1518,142209.56560966678
1519,224477.47727619877
1520,132781.37535277376
1521,133363.83739861692
1522,171232.2201901838
1523,111595.32764243858
1524,124082.15980711981
1525,124579.0085918187
1526,130338.67245626982
1527,105332.23379620061
1528,136360.19303325616
1529,141172.09379956365
1530,175045.03989677096
1531,102084.2863652488
1532,101629.5989927681
1533,139586.80555493772
1534,121145.54161497459
1535,143751.03920184946
1536,108381.48356245518
1537,85425.56316897515
1538,181222.64815886563
1539,212630.25321633706
1540,94381.71152879017
1541,142334.11051895464
1542,125356.71796188432
1543,222528.21633217137
1544,80769.16527573206
1545,111196.76127129886
1546,125053.00819885304
1547,120370.16750652553
1548,128957.49978084637
1549,106991.2402578408
1550,137980.82787129225
1551,116808.99781093429
1552,138090.59716992363
1553,167221.7450433043
1554,108387.40172796731
1555,167207.54624788102
1556,73352.1125936734
1557,117932.46892960981
1558,94561.1269019856
1559,82260.84526352462
1560,130377.16911900559
1561,143920.38999604227
1562,128353.46307498006
1563,123413.10189547772
1564,165495.25321680165
1565,147913.91025383174
1566,229578.10427608897
1567,80383.11069773346
1568,217536.7492824883
1569,138194.72936884535
1570,131352.0150005809
1571,125764.2436051322
1572,147830.6813293243
1573,268377.16208561335
1574,113464.01352978394
1575,215870.00700606382
1576,213402.73240735888
1577,200487.57442779414
1578,153337.83971570124
1579,150967.01202835309
1580,198213.58541139401
1581,160671.67342211906
1582,136962.15271981625
1583,347104.1597548287
1584,227425.8844139001
1585,139629.16104828817
1586,83519.12459072993
1587,96782.3135481845
1588,144874.7594377085
1589,105961.01331202904
1590,136242.50036268844
1591,100572.25099048595
1592,121601.06337109544
1593,133735.73722177328
1594,113122.17241227832
1595,117198.46655241327
1596,235139.85102318463
1597,180886.09799803808
1598,198781.1592386957
1599,193137.95524589648
1600,189583.5652701586
1601,78174.98048790994
1602,109458.82871783027
1603,84316.94523256544
1604,272730.0323349583
1605,250720.56878119888
1606,164038.69879605112
1607,159391.95197001402
1608,222271.77527443026
1609,192292.27545801896
1610,146827.4124763966
1611,147858.50009828623
1612,170468.72179245262
1613,167570.06109395713
1614,123501.67463970606
1615,89004.6162549962
1616,68929.85702742143
1617,95242.25190394394
1618,127802.4442243453
1619,139521.79842897734
1620,152541.1261688086
1621,131500.76480429815
1622,139423.47737484067
1623,295878.79514463653
1624,204673.3460174671
1625,136628.71448033085
1626,167790.70773805917
1627,184426.71012367585
1628,277587.0508124409
1629,183176.10425750326
1630,387902.04415815184
1631,237095.12451650074
1632,252513.9697078386
1633,174079.8720947265
1634,181563.62371848186
1635,186428.63723405448
1636,155071.90526503153
1637,186218.06400429006
1638,209082.33893851406
1639,178821.00494023616
1640,249254.9323605327
1641,178222.9985077186
1642,210666.89979176162
1643,215196.85895758105
1644,221904.6759827462
1645,207940.87850220661
1646,153075.47474458133
1647,171350.08002821947
1648,131460.61449013927
1649,141023.42619989027
1650,125267.26010381199
1651,129187.23724680157
1652,98494.56753523592
1653,96078.44669884547
1654,154485.08605075767
1655,162240.76638044105
1656,150063.85939823085
1657,154485.08605075767
1658,147606.60338353628
1659,151438.77428142534
1660,149925.86240062903
1661,422318.47869944555
1662,437947.18601692776
1663,381483.76152453583
1664,372667.3183772012
1665,317814.4287393902
1666,317422.42095995584
1667,375909.3342825422
1668,342528.35296188295
1669,300725.0235074252
1670,364177.3615904831
1671,250166.1282947929
1672,464283.6976774516
1673,305208.379626634
1674,247328.59464585304
1675,178547.84419114285
1676,180275.59567297995
1677,218469.0848881945
1678,457665.3140706808
1679,384730.77209315385
1680,329860.24988082575
1681,270306.26946582913
1682,293107.5849271576
1683,178354.1109367476
1684,174229.15141962102
1685,166586.29008418953
1686,177868.6077609479
1687,169715.52852840297
1688,180923.57596952788
1689,187111.74685974044
1690,188028.40877033956
1691,181277.72887997594
1692,274215.8410754156
1693,169299.71871698246
1694,182896.6142901747
1695,167270.56703541105
1696,259836.12857971172
1697,169197.87023744654
1698,382035.2270723155
1699,328729.91176133114
1700,241947.31475546703
1701,261831.2141192589
1702,263129.1281109396
1703,259146.8186087467
1704,309732.2376384154
1705,236377.8112887534
1706,409767.24820575095
1707,212407.51823255562
1708,202772.617337006
1709,325649.6295689198
1710,226732.06027270513
1711,247532.490966439
1712,268646.0841419371
1713,251073.16502225422
1714,209136.3524831981
1715,201854.39626313874
1716,197202.52405673056
1717,179671.25845854706
1718,138330.99351323076
1719,189971.85733861066
1720,246574.55501055325
1721,176134.70740672265
1722,130803.23843714762
1723,155340.5459348507
1724,218912.53067188594
1725,241314.43752572112
1726,183631.71590223227
1727,146006.109695371
1728,185961.2258776634
1729,158416.27310719938
1730,171329.9676117735
1731,127406.31518624733
1732,136647.1049685907
1733,119134.76470108151
1734,127453.20961162477
1735,133079.2434670302
1736,118746.04548706577
1737,362883.87659941404
1738,213676.56681208775
1739,265762.5550470901
1740,232846.85490843572
1741,189290.85087873135
1742,164186.45631525601
1743,169329.97105745334
1744,303600.15814468364
1745,206113.24882640195
1746,230154.74528202458
1747,219631.2633137171
1748,223965.6465607319
1749,151329.33155386298
1750,135072.30291134058
1751,245678.72589116136
1752,122352.47849980036
1753,153545.9863179927
1754,215754.4391980513
1755,165938.92331499475
1756,136777.78059080735
1757,123555.63644713972
1758,142331.48283053888
1759,165286.16018961486
1760,167077.32185137735
1761,150303.66421290673
1762,172714.22974265114
1763,171272.24905520075
1764,117896.49003831648
1765,174754.1492598834
1766,189110.74600451434
1767,233316.7893412199
1768,145872.3746089654
1769,180937.48194806118
1770,147532.69212067238
1771,133865.48629685736
1772,138871.08048655186
1773,134447.61267123057
1774,131933.23468409682
1775,136338.18153001872
1776,125892.28731393041
1777,111072.85121390293
1778,139215.12978176447
1779,114361.20213109706
1780,179640.14977770924
1781,127784.52326594669
1782,102137.8668082365
1783,132170.02726554812
1784,95342.86139381188
1785,116689.15453834427
1786,163391.09919685908
1787,164745.64943580117
1788,61579.452384957556
1789,104185.20856493345
1790,88049.32764036051
1791,176268.4682453048
1792,158328.2592106976
1793,127852.56046335286
1794,145245.07733244137
1795,131867.98882272636
1796,123316.199871344
1797,122188.75537757827
1798,121488.22084917173
1799,115285.76249995967
1800,129828.46161341018
1801,126072.44473577604
1802,151015.8772440078
1803,152315.78115353896
1804,140742.4582543422
1805,136073.91198678967
1806,111770.5362718313
1807,139832.8519739855
1808,130118.75491781022
1809,121191.05623033449
1810,142972.90074698647
1811,89941.35891982909
1812,96573.49472759114
1813,116377.83548521686
1814,93139.06174315837
1815,55151.45356652156
1816,90947.51994760554
1817,111286.44477160939
1818,148514.87660644864
1819,115545.50531105086
1820,60752.874340411414
1821,108835.09226594288
1822,144858.0002510836
1823,47206.44308942099
1824,129998.5981920173
1825,121658.35467626211
1826,96388.05423050215
1827,108359.2492403558
1828,133205.765457877
1829,115425.42629988508
1830,144421.98441620142
1831,177014.26295314173
1832,82198.55623598826
1833,150644.420884052
1834,114620.4226436199
1835,149997.05246503276
1836,124829.47140017823
1837,91043.00238815634
1838,122560.17436604899
1839,87282.40080391837
1840,155165.31680595508
1841,140214.49522020115
1842,77113.60262001037
1843,140183.97174193978
1844,132473.64943340482
1845,144632.9621232666
1846,160720.77749662581
1847,153456.97026025888
1848,50306.56524917537
1849,121529.02303940101
1850,126419.29829990945
1851,152729.00815465426
1852,126402.60957994124
1853,132679.94343114735
1854,174959.56866498524
1855,144937.11910816326
1856,215864.90522920663
1857,161176.17305076006
1858,130227.48299112715
1859,124651.01904704425
1860,145698.5902882266
1861,124651.01904704425
1862,286183.11561109626
1863,265889.0230857373
1864,265889.0230857373
1865,328989.48495090613
1866,344780.10405116045
1867,260911.47658012097
1868,313273.6168343508
1869,206156.52607028923
1870,262574.75532453245
1871,253297.8542517278
1872,169232.86380578464
1873,226016.91633874833
1874,147801.73510996258
1875,215293.87565421363
1876,195184.77072640497
1877,222365.89625324192
1878,216301.0421798926
1879,135324.94386031872
1880,142385.3482094636
1881,224781.38337759103
1882,253744.6124124705
1883,191558.23095522626
1884,204031.63174367187
1885,259729.20093437057
1886,306269.7664039286
1887,221181.71330556736
1888,290313.8000846748
1889,172509.9421428899
1890,127266.33816159423
1891,134980.51861438816
1892,112461.33600020973
1893,125155.5196613656
1894,135534.33384399652
1895,142953.49577799515
1896,124833.62250893291
1897,109869.12049030757
1898,112931.70564817548
1899,147860.00791720345
1900,161500.60429409344
1901,172256.95334490095
1902,132866.20073159548
1903,213474.71927572862
1904,137036.43065161278
1905,191298.17690908656
1906,163431.62312035705
1907,195359.47299364783
1908,113835.42273955124
1909,138237.37351907688
1910,123485.05956076128
1911,210343.05547961633
1912,322645.7605531665
1913,156909.60743052256
1914,65363.088190533526
1915,290440.1763105862
1916,63962.14159504796
1917,272973.12842181197
1918,139733.720712134
1919,162988.94467390783
1920,153560.6835802382
1921,443786.65480326413
1922,316283.8385704881
1923,205233.31759241933
1924,204713.4384912096
1925,213733.25665910158
1926,389387.6220275009
1927,135994.40257697718
1928,171541.31055382514
1929,125165.45040635321
1930,129582.32164962601
1931,146310.66781275382
1932,132995.33387211073
1933,162188.22103804024
1934,171651.93163142132
1935,174037.7168160492
1936,181460.87753227854
1937,183250.95295840138
1938,179924.1929972407
1939,251292.47867890724
1940,191408.36268362912
1941,171999.3950842561
1942,186917.79442758844
1943,203184.4046816931
1944,329761.36114589794
1945,384222.8876873445
1946,148739.49765291295
1947,311732.34016288735
1948,203122.68726689307
1949,228102.62590926897
1950,183916.09797118464
1951,263233.14342908945
1952,215376.02331365607
1953,168147.4898745683
1954,201428.8371373248
1955,128000.89070897132
1956,284782.59338871104
1957,162355.0489011746
1958,308631.30219734105
1959,133185.3621988958
1960,119573.38619161326
1961,118934.05459483483
1962,98310.83145849957
1963,102717.39122397848
1964,109653.61664179905
1965,146909.25346318862
1966,162293.4836743167
1967,282684.4448183753
1968,423168.8847694768
1969,393886.54911416804
1970,444229.54163148644
1971,438175.0717086196
1972,375446.0341928384
1973,277626.06049737084
1974,308781.64227212954
1975,431080.9695066467
1976,267066.4186707298
1977,366001.1662614641
1978,389917.54352159676
1979,343154.12917020806
1980,196254.6927529582
1981,353669.8884593472
1982,232332.8292825028
1983,218279.8907493791
1984,166728.88984242556
1985,209201.08780346345
1986,217203.62541850793
1987,176984.7472679856
1988,169243.52175865337
1989,191581.20390960472
1990,215983.13869265685
1991,253227.92562879308
1992,211465.33288601087
1993,170939.59631558304
1994,229786.72811605094
1995,186476.42472003482
1996,246617.83482526607
1997,314107.5257871788
1998,373231.74621909094
1999,249605.20304324353
2000,318370.197801472
2001,257009.56395768872
2002,240602.51793482061
2003,246944.83768384802
2004,272629.2974021696
2005,237267.4081762168
2006,240851.73631374817
2007,250405.62791810452
2008,217195.12253348087
2009,184918.02673041495
2010,197382.30045558835
2011,147689.1118367045
2012,178530.0749254976
2013,179858.5040505723
2014,182908.7520624397
2015,205352.86212453435
2016,187973.3352128183
2017,197908.75680436604
2018,119604.75613247398
2019,130842.6257030009
2020,113998.12838857365
2021,119507.81373720728
2022,181128.31091187146
2023,143761.6042191201
2024,226030.18706475402
2025,365632.9042362612
2026,176535.43256164005
2027,146893.5063140341
2028,157949.03461586864
2029,171193.8730750106
2030,284700.24509551574
2031,251334.65684052024
2032,264301.31890233693
2033,270752.2764774453
2034,166695.12450174053
2035,206181.88613842355
2036,195540.64971842433
2037,200148.0642356823
2038,281938.5519083325
2039,221774.06784760402
2040,342104.38169623434
2041,262597.749475611
2042,197516.2918193356
2043,171125.0693824746
2044,181688.7047462144
2045,209133.26970681176
2046,141356.8277374277
2047,146564.71357821682
2048,138125.15228414972
2049,141459.01544546548
2050,188465.61177867217
2051,109096.06847537465
2052,135523.0677320521
2053,144852.44297497164
2054,76553.97468685586
2055,159553.87105596915
2056,129561.15775890076
2057,117585.72809764324
2058,222846.10216549173
2059,131137.4269479925
2060,165830.9022209318
2061,179659.01085422467
2062,130060.15266491463
2063,107897.11343542032
2064,136261.89956994704
2065,122390.86097682419
2066,171797.0953843084
2067,109157.58149306013
2068,146643.48614237728
2069,85040.07112535012
2070,112386.60795539452
2071,95788.7652006276
2072,126232.96405492938
2073,140005.2026910275
2074,187790.55226410792
2075,149846.57338036087
2076,132402.04567977626
2077,143091.96208125365
2078,125252.8580583613
2079,132788.16141571433
2080,116511.27329229603
2081,125472.68797703192
2082,125451.11420499482
2083,144441.9989596614
2084,114868.51724713192
2085,119438.42431756778
2086,141217.44785063228
2087,119565.05730931037
2088,100069.65871134495
2089,71519.69620082343
2090,125074.55312901697
2091,115148.81020097261
2092,122604.75717807886
2093,118845.15037030025
2094,134458.60182027525
2095,145049.72025355662
2096,78027.17513905086
2097,91485.387441963
2098,142435.90219558912
2099,67666.54395707365
2100,88302.3316641637
2101,130709.64606198663
2102,130093.87130944464
2103,98730.34864024329
2104,137696.64813479505
2105,114714.05942863635
2106,66706.35756007725
2107,242304.70040530324
2108,113475.8475048117
2109,116312.84663323492
2110,127881.96215231618
2111,155588.90942085185
2112,130950.53731494652
2113,115338.43155296432
2114,105878.82192709767
2115,150994.40334888975
2116,123534.78859300395
2117,145636.92391918192
2118,111629.51088789749
2119,102196.45566617745
2120,102036.83942102821
2121,77059.04774914481
2122,93508.02120720236
2123,94155.91863409503
2124,181627.56358663394
2125,129654.55571921493
2126,142547.49006636676
2127,153896.74858029533
2128,120216.0113542368
2129,99609.41064598477
2130,138133.75474216277
2131,164207.9262859083
2132,117989.26321365916
2133,122098.12435709516
2134,118717.46376123987
2135,99723.18556970042
2136,68036.61215056434
2137,117720.76822793421
2138,133394.52308928347
2139,157496.62046625125
2140,138123.69128334575
2141,137957.31691089578
2142,126786.17381557864
2143,136260.57162285404
2144,132644.06674336252
2145,136787.34818742896
2146,168529.24176262438
2147,135997.38045926613
2148,130452.41952563218
2149,140030.88640823212
2150,208796.03359707474
2151,136979.29808071084
2152,184421.57028292766
2153,171441.29700926595
2154,111720.39555682268
2155,133314.61043012934
2156,234735.408386312
2157,232486.5210852509
2158,241959.53807938987
2159,214102.59183698316
2160,177534.15799274502
2161,246413.55921261653
2162,397437.62872245227
2163,350980.4662082801
2164,250370.53597037366
2165,178275.82984620924
2166,151156.60457632493
2167,223890.95973093074
2168,196059.3705048016
2169,199752.91154388242
2170,220336.5315456441
2171,151105.81216276303
2172,146842.36886282233
2173,171383.50093172595
2174,233606.2364078766
2175,317762.03006936476
2176,307409.97816334484
2177,246488.42885548904
2178,211626.79035899704
2179,140083.5505665836
2180,222569.72584552268
2181,193381.36048200625
2182,232263.68326771443
2183,196413.1822539106
2184,130896.21481030105
2185,117600.64146642746
2186,144868.21352694355
2187,150679.79862288013
2188,159134.32955889317
2189,212364.10179379856
2190,87724.77714555558
2191,88133.07588856864
2192,99400.00662858557
2193,107654.29429944514
2194,105090.77385035888
2195,112431.98285001634
2196,102355.78463148836
2197,118469.58582898711
2198,165553.24392159862
2199,174796.70246099585
2200,140039.823395798
2201,144680.57879993462
2202,208014.67045803939
2203,146190.11607482782
2204,172403.09602402194
2205,99572.97311690665
2206,137113.4946547158
2207,213963.8389517146
2208,257422.6190102924
2209,206145.9913333694
2210,123260.99692467
2211,124279.33866027609
2212,110372.15430718138
2213,100932.9029277866
2214,120227.20350094244
2215,101557.85610898475
2216,152965.23148631377
2217,95797.5906421862
2218,74632.80679943867
2219,73515.5181142138
2220,72474.12597488666
2221,290440.1763105862
2222,243876.8644774853
2223,279217.14416217525
2224,209605.56911659846
2225,129099.5413011379
2226,192983.51021803202
2227,187903.64009686533
2228,267695.4784773751
2229,240967.55481791095
2230,146827.4124763966
2231,219038.95909355118
2232,179442.11482019257
2233,171609.8464016795
2234,249644.97539225934
2235,218082.1966822705
2236,284990.477327236
2237,351849.0377103782
2238,212006.47580915125
2239,124459.62919812356
2240,163609.3066712997
2241,161909.53951387008
2242,128478.79954014366
2243,129742.21592947927
2244,103920.6752049849
2245,108702.40616079427
2246,146739.56405289474
2247,113728.51082407612
2248,129827.16506912043
2249,127619.49363488879
2250,137277.425076955
2251,124448.65505425054
2252,178093.1936750089
2253,153663.64106301146
2254,176682.636920276
2255,186870.159663299
2256,188197.37220407295
2257,205878.16238354213
2258,172896.64374012052
2259,171660.70382066484
2260,175405.66314869846
2261,196963.748378391
2262,215632.52374831145
2263,336803.78921709256
2264,393812.94302778086
2265,162925.2750851703
2266,282652.6769839799
2267,368918.9740050246
2268,380724.5424480774
2269,150187.25932264223
2270,185658.4567012352
2271,221950.76006572117
2272,194809.61110163725
2273,157333.32447053344
2274,167114.40710590978
2275,190116.53758570415
2276,181561.24818668186
2277,182746.93438888073
2278,145877.7553607788
2279,127660.51578012177
2280,130919.37631059672
2281,161862.32150061772
2282,182527.4313259976
2283,105970.85134698177
2284,105982.38011728143
2285,164055.3078974386
2286,123429.29143008075
2287,338210.11114163866
2288,276026.9003846965
2289,387787.98506328586
2290,447093.9716188305
2291,327285.589602148
2292,417561.6849542909
2293,474875.5813109821
2294,426038.8601818192
2295,439623.86821642006
2296,266244.17849848844
2297,293260.9582858205
2298,321615.9056163418
2299,416252.22150603903
2300,338172.93422397744
2301,264261.042592576
2302,237598.22226466067
2303,246613.96276181072
2304,242077.6745671665
2305,178390.4548992834
2306,175269.91670690273
2307,176778.62671243402
2308,221672.45807839165
2309,272615.03472771426
2310,218332.10370941367
2311,203567.90210693804
2312,175211.0359590725
2313,169077.91013847187
2314,182252.88612257823
2315,172678.69049050135
2316,183348.73002825337
2317,180750.71393841697
2318,168499.24910206106
2319,178864.56630717905
2320,204554.97974352379
2321,237005.00782529105
2322,179120.60070879824
2323,186968.94528318162
2324,175536.8323133834
2325,202145.68708774602
2326,167486.1026350628
2327,212340.41534366604
2328,226062.39091461053
2329,184612.24510882073
2330,169799.91553472175
2331,360160.72947047424
2332,400086.315796991
2333,328699.67176046147
2334,259872.9452101215
2335,256028.43175655446
2336,325329.4513279149
2337,215883.0297656841
2338,279400.566743881
2339,227115.94007999648
2340,395840.4884895247
2341,210018.26267197623
2342,233072.75880687736
2343,211844.71039431673
2344,230819.3865574594
2345,237204.7870214973
2346,228333.48674698325
2347,195114.640932142
2348,234426.26633067802
2349,165504.08069553116
2350,273761.6927154568
2351,238348.26871221853
2352,252886.89833188878
2353,231867.0569179252
2354,133412.64230416287
2355,159694.32842901957
2356,147712.03386446196
2357,189610.2461243819
2358,186695.03799481096
2359,127229.13801796388
2360,113522.18650067596
2361,138755.0376270041
2362,277170.9848867698
2363,133364.7056876688
2364,162918.1654834521
2365,220052.84349362427
2366,204133.77705881934
2367,223670.41377426652
2368,212073.81660079808
2369,219319.849958927
2370,169522.53817040715
2371,168739.2630031762
2372,189763.22258696894
2373,270401.3516036566
2374,303463.7257396981
2375,252465.39546455446
2376,278870.13463943236
2377,370450.5261374781
2378,135605.4203403662
2379,184165.1890574691
2380,140105.211475675
2381,155563.00766454576
2382,189040.62016785506
2383,196089.01889431587
2384,246006.12443114218
2385,157923.2332189758
2386,134349.8192767674
2387,137693.84874952195
2388,105836.9042906417
2389,129208.2877020223
2390,150023.3325598362
2391,140384.0779702737
2392,117617.47967570332
2393,171768.92492713267
2394,143512.16701685227
2395,208679.07692749985
2396,134914.76838224963
2397,215767.95719720633
2398,138408.0073718666
2399,60971.68750820399
2400,61268.36127866858
2401,107812.7901075952
2402,137835.62574257865
2403,140877.43776009826
2404,148507.60229306333
2405,155174.2771757914
2406,143259.48145462864
2407,126694.98180471471
2408,140234.20917875972
2409,124842.25805628182
2410,171202.98218574503
2411,124117.3088798162
2412,159368.05568345648
2413,128922.03210766889
2414,130839.91397014336
2415,140479.9054231792
2416,131087.96861228443
2417,128497.04178045334
2418,127252.4528332905
2419,115420.45718635601
2420,123546.56447758684
2421,143133.35460663677
2422,123456.08910732655
2423,130458.1099312001
2424,159100.3647308216
2425,198950.302482585
2426,142374.79395903338
2427,138703.3786792285
2428,177636.08426105676
2429,124059.17141235268
2430,133779.85692075745
2431,112634.14485366367
2432,142262.23410112882
2433,142994.3174090054
2434,137412.33533779797
2435,146274.42764478415
2436,102043.62801825051
2437,110364.45845532768
2438,128897.13538791999
2439,107686.35568775925
2440,118573.63682121284
2441,97119.01230032652
2442,98641.18307609923
2443,120606.54999447303
2444,128437.52215711949
2445,77848.2544126604
2446,126832.87998347581
2447,186034.22337092948
2448,136023.4091837125
2449,99543.16481736336
2450,145686.67521769725
2451,116666.05037651748
2452,217787.9088936946
2453,96282.59769267689
2454,125646.19675044961
2455,110331.70798088054
2456,119199.63925569966
2457,123970.30386473058
2458,118096.23774792414
2459,102090.22763384876
2460,132576.14513645653
2461,105347.77405506953
2462,126917.23985787171
2463,117186.89693544753
2464,177667.27287945966
2465,123874.78905401686
2466,106975.4191471978
2467,149755.81176803896
2468,74477.93513615281
2469,71946.60791939503
2470,188845.24936840127
2471,223626.37661773703
2472,168267.36422989395
2473,122697.70441266203
2474,79353.71117185205
2475,233649.9782486289
2476,114921.86006154907
2477,124600.23420500767
2478,162234.9203744515
2479,106759.00645132568
2480,154158.29373551198
2481,118940.56635873867
2482,127825.85207794257
2483,115139.41454506505
2484,119916.5978685172
2485,122836.7938171722
2486,153016.3090283356
2487,185462.7870615605
2488,167547.05635361956
2489,149345.5812647427
2490,163062.71067979702
2491,94348.86210998058
2492,175385.38763107045
2493,151456.794782654
2494,143128.33401153435
2495,101674.72049171069
2496,245585.89194182242
2497,147298.46808767586
2498,113854.54316267314
2499,92871.98005047157
2500,130161.55235368334
2501,140780.52534185667
2502,151637.7338564853
2503,95674.87857164461
2504,178195.70944104556
2505,228389.20825267804
2506,259642.78175605633
2507,310635.1219048651
2508,260097.17127435177
2509,214872.8948244137
2510,228009.85758175133
2511,178367.11767028255
2512,198102.32950241948
2513,207897.18670114042
2514,248144.46418642713
2515,142431.83783526754
2516,165460.34954344374
2517,145395.2432148486
2518,152963.69749217847
2519,215088.1390499775
2520,211363.29724801317
2521,188530.76081907758
2522,221043.1742813934
2523,128529.2271852084
2524,139226.97428166532
2525,153462.97651746328
2526,134798.8087789509
2527,113505.72533829574
2528,135876.6694061514
2529,130797.7086229568
2530,125015.60666836493
2531,243133.7093518952
2532,223631.12732257557
2533,194926.17711823466
2534,223520.38902422073
2535,319022.3043125969
2536,236301.4143070428
2537,234281.970984206
2538,180056.50298337525
2539,193046.97588053052
2540,169185.881894065
2541,180734.9589051712
2542,156144.6544188532
2543,130029.0258634736
2544,128682.04294611723
2545,136819.40130487012
2546,132957.4977568284
2547,143078.58822290818
2548,143626.7894294034
2549,158290.6035681443
2550,359911.3487269556
2551,134651.36940540688
2552,128933.78017246982
2553,75886.98722252676
2554,108553.73245959617
2555,118479.79560584936
2556,106229.74929597534
2557,118176.2784806271
2558,163589.34510869122
2559,136907.29089452638
2560,144404.5460296431
2561,160720.48637354298
2562,132666.6639664865
2563,152978.51286658074
2564,194600.68988966284
2565,157525.57744484692
2566,145983.3585314931
2567,125016.18971831363
2568,182150.0645094835
2569,191447.429098791
2570,122938.02566981947
2571,174093.87579261762
2572,186728.35097954053
2573,207097.50932597654
2574,258172.97151736228
2575,124541.51603795444
2576,126247.96911498887
2577,160905.03479932703
2578,91546.03178355427
2579,60386.581710194856
2580,131089.08963520275
2581,126742.72160339572
2582,120632.51455684155
2583,270165.85916748666
2584,158663.48219487784
2585,182052.13877886278
2586,226036.76825996884
2587,209956.20804855746
2588,161473.24887210602
2589,147524.82582222557
2590,208409.27633162573
2591,214739.09737969784
2592,206689.3616777828
2593,254633.34783885052
2594,176562.78723906932
2595,209364.68356403688
2596,338221.00332287716
2597,183467.07723782814
2598,263562.4905929614
2599,323975.66693664785
2600,190829.9448926308
2601,146589.10233702481
2602,83423.25245056105
2603,96873.63404545913
2604,89695.40279189423
2605,74540.69036775622
2606,142507.19713366675
2607,183317.20484031364
2608,185229.50992901885
2609,166015.9021658879
2610,116407.96287663047
2611,139882.66549182404
2612,149346.35318426086
2613,133400.95734490055
2614,130444.12338514056
2615,143676.37352077942
2616,143344.54667803645
2617,189390.08382833144
2618,219292.9296855684
2619,201678.8396507288
2620,184085.46025693478
2621,182622.94108732836
2622,181625.1818403871
2623,245469.21334124936
2624,287141.99453399377
2625,326716.1976191833
2626,166736.80911852446
2627,185665.49242619163
2628,428223.6161630072
2629,567142.8969723579
2630,348724.4094313164
2631,454760.9897056995
2632,431875.9039449725
2633,316420.121362783
2634,404987.42919753696
2635,154530.76142350002
2636,184286.2844519022
2637,180539.9881099568
2638,240572.42687284836
2639,186495.96446327775
2640,148628.85181748474
2641,106919.49882582038
2642,188278.12490368652
2643,100855.9830991644
2644,124080.90299310918
2645,104382.50964328725
2646,99053.30364750585
2647,101314.19627097511
2648,142990.67254160077
2649,149154.83712174083
2650,159037.74960186356
2651,144074.9278150437
2652,420828.3370451763
2653,250245.47456504664
2654,238589.53805222994
2655,402612.8472874858
2656,331435.33189153316
2657,325757.1412780424
2658,272894.35340636026
2659,314870.3318949206
2660,348350.09127000114
2661,365635.07953705837
2662,354573.2033793747
2663,267940.64578646555
2664,258964.86470562193
2665,319781.44670424174
2666,279592.448546453
2667,165489.37119753665
2668,180018.9857399292
2669,165533.3651539176
2670,299440.412031232
2671,183952.1079888395
2672,188871.7474724429
2673,212526.01565051667
2674,211009.85077259966
2675,174737.98191149905
2676,184938.8919628228
2677,191928.87185834523
2678,264384.91332251224
2679,269988.02165607037
2680,287648.4570148888
2681,400568.21231261874
2682,356567.9051423553
2683,536195.6352173034
2684,326818.3819468013
2685,366663.641861846
2686,250142.49685288666
2687,322666.7484788029
2688,221281.68992430202
2689,221628.04980341345
2690,449887.77950773673
2691,174020.77020370713
2692,138813.91629437174
2693,192624.15634198824
2694,139585.11758076254
2695,189926.30843989927
2696,183434.58682268346
2697,180421.87887072706
2698,193421.15917097978
2699,169376.55248812083
2700,150796.34680951358
2701,146825.630727021
2702,109299.72612423888
2703,132133.4669773481
2704,141102.89408664923
2705,118718.240251426
2706,117550.34229503048
2707,125151.14382764426
2708,136541.53811047567
2709,114480.72442130491
2710,130494.0383155236
2711,279534.66245695914
2712,367353.4988061304
2713,168755.0682606105
2714,157826.77725115762
2715,161144.91716853442
2716,157494.47535793818
2717,186959.68939490957
2718,225271.88092920158
2719,151718.87412355735
2720,174716.7003434385
2721,135754.74855740156
2722,155999.49936041806
2723,150875.2095645436
2724,130745.71859323425
2725,133146.76992566913
2726,146158.47724954283
2727,173352.77629426037
2728,163842.10192674174
2729,151970.11837450086
2730,144676.34071109883
2731,132667.19884833624
2732,120494.15427407168
2733,160886.05166620106
2734,155133.51308656033
2735,130918.19008440261
2736,137258.57654415365
2737,123468.79127287825
2738,140896.9740054351
2739,160138.44630817417
2740,134296.27410944243
2741,137637.42562933813
2742,141636.05749558582
2743,139790.60898446318
2744,154871.80049780567
2745,143486.6443948103
2746,138661.08339935864
2747,154803.54470231227
2748,126206.8929217912
2749,131092.4460153779
2750,140444.29326303882
2751,139258.98439903432
2752,213233.86661323853
2753,151842.76957483028
2754,245555.05261690865
2755,122263.8714673772
2756,101580.73160890063
2757,75991.04000466029
2758,85826.05720489555
2759,163219.91863738972
2760,135499.82656526272
2761,144050.41256821257
2762,144636.69300718568
2763,181053.4923103632
2764,163237.82274158933
2765,290555.9551678725
2766,129340.75234368423
2767,85980.90732180832
2768,134544.52276628983
2769,132997.16931038818
2770,154142.18186053215
2771,116944.86107408816
2772,115445.3739258011
2773,160377.60866407945
2774,131705.3542645944
2775,122360.30175412942
2776,137800.82395261296
2777,142296.24211891525
2778,130075.0753036911
2779,118322.04693284041
2780,98188.19574170107
2781,95854.23376855871
2782,79925.67288881096
2783,100003.43869911402
2784,125355.71164245514
2785,124535.95362762971
2786,78458.0884592268
2787,121757.77094156224
2788,73874.17692003975
2789,204608.63222855882
2790,87904.30271079422
2791,113047.36127134348
2792,62255.55148727682
2793,161880.41109279927
2794,97950.37746687866
2795,109669.52454082633
2796,103441.77121259323
2797,213294.47514368198
2798,121120.2969285693
2799,110265.96325572173
2800,65134.500913567106
2801,113913.18716797009
2802,138345.55173379034
2803,154285.45406180565
2804,141095.52477547035
2805,103096.30099660633
2806,80856.52885679895
2807,173001.50219053347
2808,148446.4384359469
2809,139178.120287299
2810,137304.11194429515
2811,160174.42900310035
2812,148406.87486900017
2813,146397.98258247896
2814,158518.997380453
2815,105060.9826618029
2816,229984.0568424155
2817,159832.57436433586
2818,131666.0725066809
2819,167962.427709729
2820,133967.77459309125
2821,100443.5733731864
2822,195048.30232109418
2823,244067.68741743662
2824,182140.6235296791
2825,170496.17762656018
2826,131721.62357705232
2827,143137.81712257565
2828,220510.9530455889
2829,178819.4952674491
2830,228020.69698127537
2831,190075.6446823322
2832,235028.19765300245
2833,285252.93304866774
2834,201208.60029279813
2835,205946.31433098385
2836,190894.80205401898
2837,169317.2093037009
2838,149607.67143935306
2839,180622.61762376886
2840,203134.17484256896
2841,204296.52604877064
2842,217164.0431348997
2843,157341.47697192384
2844,153034.55134032457
2845,129181.03415212061
2846,206197.33658025085
2847,197663.1188953272
2848,224462.59209187666
2849,196755.98003416872
2850,286864.8331104212
2851,234748.46118507007
2852,239396.3340893778
2853,232977.2574886303
2854,139629.16104828817
2855,208879.48348685383
2856,199787.68489467364
2857,190259.37756234282
2858,214741.25248130108
2859,129438.19012460043
2860,128191.47914025436
2861,135227.15373442892
2862,193901.34881907917
2863,133395.03379622765
2864,248519.47778794492
2865,137570.93219329955
2866,151541.68027650268
2867,94729.73961655665
2868,101244.54822590975
2869,117172.5959088762
2870,138291.74472729798
2871,97204.87144006515
2872,56737.164710658864
2873,104851.3795104596
2874,136254.7655099051
2875,117798.26435410624
2876,165732.39804952286
2877,129669.10080164085
2878,182982.75844032
2879,139299.8871308982
2880,98137.33233800535
2881,141646.61615203763
2882,159016.50507973554
2883,190760.64541480044
2884,197436.49896962108
2885,186833.57081819922
2886,214075.86771339818
2887,102667.20303465355
2888,126510.67177514861
2889,55304.74865034979
2890,80628.19318571508
2891,131005.90617192595
2892,57551.209985293164
2893,96854.03217141396
2894,61130.79265992356
2895,303654.4477713243
2896,274729.8039129673
2897,199789.7730699578
2898,151354.97325277416
2899,227973.67655383568
2900,157153.0598934351
2901,223772.1346754689
2902,195115.61379755609
2903,336870.22795333114
2904,358769.15977039514
2905,95390.05016472902
2906,211183.00073813106
2907,106144.42013569399
2908,138548.16805940217
2909,145988.1386462534
2910,86462.65279735452
2911,83423.25245056105
2912,145281.47711488942
2913,87797.68478253638
2914,76150.6237622818
2915,80642.91952395518
2916,85765.67612011897
2917,176869.44344552676
2918,122443.40116315785
2919,234361.13633552456
