Id,SalePrice
1461,110361.11083913769
1462,172351.14832883014
1463,179601.22094436816
1464,207462.66893226898
1465,186486.1053734488
1466,186081.28604042542
1467,196735.00933670404
1468,176215.11286969518
1469,205679.31293620833
1470,109923.6206406561
1471,203403.44459578313
1472,110605.77182198956
1473,87634.87305351894
1474,148052.1862577236
1475,107782.94280126493
1476,348721.82044348563
1477,243139.8002224937
1478,303708.2716931866
1479,288938.34025289025
1480,442744.4000597452
1481,299657.6881292695
1482,212872.58903642406
1483,171033.87476829567
1484,165179.32136339613
1485,191985.2984639235
1486,203464.60724383767
1487,308093.1777022914
1488,251706.908063562
1489,184383.22346150037
1490,242341.21059385187
1491,200618.8275600056
1492,92154.04884705262
1493,212332.561540858
1494,282362.31456537475
1495,265862.1538235436
1496,239946.48707661207
1497,164454.39125746826
1498,158977.6221901389
1499,147386.838462585
1500,141740.6554092503
1501,194158.02617434983
1502,141902.47425500664
1503,274744.20454633166
1504,238503.36730854085
1505,219009.09774043702
1506,215091.89938845404
1507,254382.24748298875
1508,203151.93579651124
1509,156936.92392193398
1510,146696.4921217776
1511,150270.01357465645
1512,179884.79597780784
1513,176690.4979124365
1514,180121.76778178825
1515,199649.26497732836
1516,170560.54471768055
1517,179261.81897874665
1518,121133.21268335462
1519,223669.59562918055
1520,113635.47678591707
1521,117683.83800849074
1522,202605.1128296362
1523,92201.46725620062
1524,118874.6049455119
1525,97336.15520082193
1526,103322.65330620622
1527,87890.55122086429
1528,139131.10808134323
1529,135636.7922405036
1530,230084.88306829578
1531,139969.3706753091
1532,102155.90768660128
1533,167331.18665414897
1534,146886.9378394913
1535,147872.57995925413
1536,90201.95596698637
1537,55369.68129273597
1538,177281.5703292007
1539,221948.0887863126
1540,129924.63705476327
1541,173274.17861257552
1542,115958.85972505517
1543,199208.26941122056
1544,72388.0589633463
1545,114693.1149694114
1546,135704.1966923644
1547,128018.01483592473
1548,140510.8284064841
1549,120936.35255940096
1550,126882.8893549334
1551,132614.67845143226
1552,129987.94346573134
1553,161339.48236597923
1554,115736.95358759235
1555,156324.37452058785
1556,75231.2487825487
1557,109734.39378192916
1558,115484.53533093084
1559,82371.9787928029
1560,129428.54273919156
1561,96010.63648337696
1562,119978.08304253
1563,123078.7782432459
1564,156763.25414330384
1565,139172.8884423318
1566,249297.29860242188
1567,79577.92386679188
1568,238868.72404769703
1569,121456.573705571
1570,131351.14394169406
1571,104145.56370913971
1572,144715.1835810704
1573,252570.6316949646
1574,135781.62633312016
1575,232185.05539698794
1576,249632.1010090568
1577,191364.09356638894
1578,165303.54565005936
1579,155027.07759023644
1580,211950.37732347485
1581,151980.17662469123
1582,131370.37495579815
1583,301330.43617104413
1584,226915.72144590237
1585,149954.5545203659
1586,66259.71373242117
1587,134784.71259563114
1588,144129.7220214234
1589,123047.76959610626
1590,148793.61810379836
1591,88770.47530132136
1592,135820.66377579502
1593,133924.18279760645
1594,106478.75374068902
1595,110788.5410634327
1596,211435.96051663382
1597,174516.11168022605
1598,201167.4893277482
1599,189098.2540473038
1600,183666.17241389176
1601,41653.872780081234
1602,124941.30285749852
1603,36983.78735006158
1604,278459.11547919293
1605,251718.46711545147
1606,177481.28946141817
1607,187418.41192070872
1608,218731.4051848104
1609,181081.04054287984
1610,154649.73740737105
1611,157366.64797406585
1612,183487.66257045267
1613,182851.19792652607
1614,141335.97590821132
1615,90558.46234072803
1616,64136.564245168935
1617,71546.03110419877
1618,126830.46680731268
1619,140144.10800953873
1620,179101.38836587314
1621,132170.88240381412
1622,147099.81748382573
1623,246693.31504130375
1624,224678.7610624429
1625,128040.46740419685
1626,190502.2445153551
1627,201660.9709205319
1628,273074.1180755277
1629,189197.06235480797
1630,332658.82894318295
1631,228589.90776352386
1632,219345.16853173298
1633,184806.80573175254
1634,192008.54811014363
1635,179732.40840340697
1636,149498.6069548932
1637,203255.25382792274
1638,197503.11764115654
1639,200635.78645731637
1640,257338.70038998104
1641,201005.4803976392
1642,245650.58799847343
1643,210376.63725308992
1644,229367.144977525
1645,235010.4666270389
1646,174971.95714211382
1647,170834.5115906241
1648,139525.75871600222
1649,131852.05674424663
1650,109360.39151104202
1651,114601.38904116128
1652,106419.31517603376
1653,106910.72714897327
1654,147207.15504700795
1655,140322.43110989628
1656,136866.24832121318
1657,147407.45441757294
1658,141064.5758225912
1659,122860.11164637713
1660,146404.00787144504
1661,401338.39986809716
1662,349830.386520765
1663,361845.27437998867
1664,382695.3163325039
1665,311294.3290901056
1666,303212.2339904669
1667,353762.95794918016
1668,349158.40430622245
1669,312548.3349600164
1670,338972.2947896747
1671,264456.18108446035
1672,400302.81903773756
1673,288009.9437141428
1674,249324.07544149377
1675,196176.1407314086
1676,199903.4305540925
1677,211943.4057016418
1678,455767.37292133644
1679,353329.62988829124
1680,316674.5639126373
1681,267209.8316821882
1682,294654.85874527623
1683,187377.14749694697
1684,173201.12780373974
1685,179825.32079084718
1686,170959.87149260065
1687,177492.5440045154
1688,199922.86822967778
1689,203478.98803484894
1690,205291.02338830347
1691,190452.29088171374
1692,277743.6566922348
1693,158515.61723582132
1694,194012.0002874568
1695,177403.7221807785
1696,256972.7049501934
1697,195748.42222801724
1698,312105.74457799294
1699,316983.2726629749
1700,243829.51456651127
1701,267637.94441370293
1702,250583.61073298787
1703,245547.12472630118
1704,279379.80641757394
1705,260921.2379074865
1706,356544.8139035271
1707,220659.0814413221
1708,200724.04652998585
1709,268414.2234360378
1710,228111.583875351
1711,281952.126249718
1712,260414.50061583356
1713,269368.39180058334
1714,217009.18231316993
1715,198151.58947331097
1716,175507.46514765278
1717,171103.76787974557
1718,137531.85476686445
1719,207377.69651582476
1720,196410.97134126036
1721,158040.102229813
1722,116752.06772858358
1723,147072.3921916188
1724,210210.64466076973
1725,225449.41633279563
1726,181348.96478402952
1727,143443.90396328003
1728,166362.67556156672
1729,168373.4512098477
1730,162090.31503740314
1731,126754.52054971072
1732,130340.36179479549
1733,107402.05364816252
1734,137662.2499056412
1735,108171.34739692428
1736,97695.7482883049
1737,302454.95765338023
1738,230618.7336802038
1739,251851.90867889964
1740,212281.240001539
1741,191490.24499636248
1742,170018.4490699371
1743,177661.17856295814
1744,316933.8510274831
1745,204061.03874584183
1746,237163.91117370944
1747,219207.081587789
1748,215855.87594643177
1749,153108.02323651174
1750,144590.5022935227
1751,254255.8226108118
1752,100739.33981752931
1753,167395.6448443801
1754,231963.6020676084
1755,178330.3670886486
1756,141278.1411799573
1757,107738.32484276884
1758,146998.42005838046
1759,173419.03991027025
1760,165960.71924897993
1761,171226.63176840474
1762,182421.80289961828
1763,193967.9851586445
1764,102283.3797176209
1765,197442.44167488336
1766,205798.72093104036
1767,243144.06994525937
1768,136340.34071564407
1769,174443.1936402378
1770,153591.39141803922
1771,110241.9965171949
1772,118620.3850831514
1773,114724.02447679918
1774,155325.3845397503
1775,145854.22129349352
1776,137618.52510374004
1777,108503.64775807096
1778,136315.97621771682
1779,134596.58622405946
1780,190313.34647444694
1781,114671.69713927817
1782,68852.19679023314
1783,132871.82093926042
1784,103096.45428730687
1785,108850.50243752857
1786,91141.85629950662
1787,157009.87951343518
1788,48928.944511993905
1789,91109.92783550569
1790,37458.73760752997
1791,206473.6371835646
1792,164237.63661785552
1793,146463.73429290752
1794,175283.76874325797
1795,142478.67884045432
1796,106583.3941732092
1797,149942.795524545
1798,106088.4839087372
1799,101936.15665754036
1800,97051.17256736022
1801,110120.930315134
1802,139044.10904423427
1803,168193.92092682596
1804,132873.3386158502
1805,145742.7424928326
1806,137494.10879886243
1807,167234.11256425641
1808,115986.33357180876
1809,128612.04573343473
1810,151722.2082654942
1811,106715.78382429376
1812,120934.78861379519
1813,124624.07313328248
1814,115351.3552694039
1815,28174.572828172357
1816,100301.86623852665
1817,101127.25663279952
1818,184741.15010991239
1819,131633.45182398194
1820,47185.040399511694
1821,128593.90834421664
1822,147361.8431392071
1823,53839.40631954069
1824,137813.62435839267
1825,127748.73107080022
1826,90894.8049125123
1827,94346.25886548636
1828,145624.00813165202
1829,154858.77873016824
1830,168930.20707895875
1831,161300.2075635168
1832,74752.30230930587
1833,136682.5057089076
1834,131473.10572731833
1835,152799.18261913012
1836,137385.74117836554
1837,76871.17330804444
1838,118067.56264632416
1839,127143.65439162112
1840,157336.34568384045
1841,116931.23416967469
1842,103771.85885906452
1843,145162.90166059905
1844,130952.39005531662
1845,138357.18990798027
1846,162066.89921987837
1847,174255.1761299282
1848,19554.007336153067
1849,118389.85910149047
1850,112718.66303528147
1851,153142.12081995036
1852,110522.0750655504
1853,110570.82821465319
1854,172058.71437773563
1855,145071.46686286246
1856,224358.16022530093
1857,126281.40450650617
1858,133916.32454847486
1859,110167.51772022434
1860,131089.49003946676
1861,115180.13814927603
1862,298620.7331409354
1863,294527.71914340765
1864,294542.3728402562
1865,351857.3221825892
1866,338643.03144086176
1867,237368.07045159407
1868,304631.1441134806
1869,220051.65265512222
1870,239558.00769947737
1871,260315.2816067678
1872,182463.8555156415
1873,242089.71792145364
1874,164470.61333198484
1875,215469.82740249718
1876,211193.63842796918
1877,209843.08112669678
1878,213601.09498342965
1879,111836.5489855971
1880,145752.77660659014
1881,252900.2132014411
1882,253251.1195674173
1883,199212.4215564198
1884,206971.69052238658
1885,245140.5529350798
1886,287704.3487787263
1887,225467.4660838988
1888,277448.4484021717
1889,172625.64300591813
1890,113366.91396756319
1891,138990.68657318328
1892,79540.41488995112
1893,145259.11144988984
1894,111872.58957069286
1895,150599.30278352683
1896,119618.84039008815
1897,96196.17148346012
1898,129241.74922447966
1899,137204.95924861042
1900,171451.08203401847
1901,159292.5000833175
1902,151401.04091941786
1903,217737.83882196585
1904,143760.29035613453
1905,215937.67988266924
1906,156599.53698601492
1907,219790.57354046346
1908,117369.94312729477
1909,134188.8254751945
1910,124642.23463517951
1911,232382.48424757458
1912,296966.4439406728
1913,166189.95228778466
1914,48623.66229036858
1915,305358.1887522142
1916,-93050.68056195241
1917,255668.50271025696
1918,158448.95880684175
1919,194096.13334953052
1920,184100.31530131306
1921,376877.5676847722
1922,319918.9848065339
1923,236925.931366659
1924,243264.0197634889
1925,221728.78292269446
1926,374187.4565341985
1927,124006.72018626134
1928,191378.76676580438
1929,120470.56885514653
1930,134981.22562479042
1931,146820.62660089787
1932,137333.82078317448
1933,166987.03351135284
1934,195105.57205300743
1935,178513.1071838095
1936,196091.8682535583
1937,193711.796638538
1938,163812.62908116693
1939,244850.95860188373
1940,187648.2655338525
1941,188924.43150585704
1942,184167.79107736773
1943,196164.28026596445
1944,320537.9679263844
1945,356386.91199446446
1946,39753.72583526606
1947,254069.8923202937
1948,181119.72271303018
1949,261244.50198466517
1950,204693.01046184718
1951,260433.5300965584
1952,213558.62159020093
1953,193016.0289813463
1954,213589.83876344806
1955,134291.1455728904
1956,278356.72520480887
1957,173591.4457741914
1958,290491.79857940157
1959,128968.59604594053
1960,94206.81702705484
1961,111915.90731869603
1962,94929.77659554163
1963,117932.8983676288
1964,102115.57348165044
1965,134854.59260180395
1966,137409.3677437104
1967,287874.23059348576
1968,390701.70041291113
1969,359957.56093438854
1970,375624.26243084227
1971,421538.8351688611
1972,356432.43835592247
1973,280151.17578788195
1974,321180.86897370336
1975,365885.53257264243
1976,280559.0777428837
1977,346307.51109399647
1978,318161.3289248161
1979,314976.29504838283
1980,195668.40492973442
1981,334002.7619772821
1982,217521.95368787774
1983,199745.5228673987
1984,176247.57168228005
1985,224920.77548643027
1986,221732.30767949636
1987,182493.75172647787
1988,177930.2111207872
1989,201930.78557861026
1990,217210.43644959002
1991,221298.51487332024
1992,240552.50349564652
1993,174081.7887984767
1994,229088.15877148753
1995,200219.26154262165
1996,285580.1072855613
1997,309770.79294488835
1998,302774.262280412
1999,263742.41393714934
2000,302110.8826078833
2001,250653.49947138026
2002,235711.9098250129
2003,265291.3050008223
2004,291890.92966565304
2005,246604.91288571747
2006,208156.87809774978
2007,257372.9484678735
2008,216483.27839442668
2009,194515.82554372062
2010,201636.68045966898
2011,142769.78574478498
2012,176018.1894909778
2013,163515.35267716076
2014,177994.71465054632
2015,202656.45777718932
2016,184894.35795814253
2017,194449.4658019588
2018,105329.70244208048
2019,129371.04136296303
2020,89409.22495721828
2021,92332.90473251638
2022,195258.36579917662
2023,132486.66147792176
2024,271575.3948283633
2025,342302.69208218064
2026,171314.561369083
2027,144114.9484664303
2028,158843.67242941214
2029,173022.00659550808
2030,273824.08929246827
2031,245358.88734109479
2032,257433.43154160725
2033,258105.10407524928
2034,163058.09024818463
2035,247092.8095950029
2036,206075.198687635
2037,216315.5335281837
2038,303099.4744103844
2039,213205.84016662126
2040,341303.42866320675
2041,283602.52963019395
2042,223126.77032456256
2043,193312.4876616815
2044,188739.59832976316
2045,219181.1319847526
2046,131349.24920921947
2047,138222.40683575172
2048,144218.47101709933
2049,127427.8386992669
2050,178616.8087616904
2051,103013.60983676522
2052,132996.6908648333
2053,140058.36413455207
2054,43530.61127845419
2055,152778.13016307785
2056,137274.99427670834
2057,93686.36114999268
2058,213491.46347429242
2059,119624.95232976938
2060,185377.54064375733
2061,193236.0390852018
2062,111755.09348442114
2063,101646.93043945928
2064,124608.62326298875
2065,124838.27714317467
2066,181012.06771155703
2067,106465.86820879567
2068,134627.53880425578
2069,80931.94523459172
2070,110924.78850867203
2071,85256.48596089333
2072,154789.2983763354
2073,135148.66488957382
2074,157267.40854909318
2075,151451.25848692085
2076,137145.1196281626
2077,131294.3391360495
2078,96091.67615434795
2079,137589.23326119746
2080,122792.96154228516
2081,106438.1753506324
2082,122365.28351030708
2083,149872.1690597051
2084,96603.04086843587
2085,110669.87476213335
2086,150410.78164596786
2087,126731.70692521625
2088,104721.28195045807
2089,76751.7330415867
2090,118832.64265100902
2091,82615.69759905746
2092,137198.14803906588
2093,146646.3855615725
2094,115205.3622047588
2095,150464.30317573866
2096,94808.73714449024
2097,107844.12275329849
2098,163224.03038389818
2099,33451.18005396426
2100,48206.744303822285
2101,119559.34525970276
2102,140328.18353271054
2103,88048.10833692667
2104,140399.67009538377
2105,148013.19791902055
2106,41796.108563669026
2107,217456.06215900148
2108,131298.29064098583
2109,101741.19641147566
2110,126354.14774822653
2111,145248.3356967012
2112,130761.25403627474
2113,110549.05931727681
2114,99082.46882600128
2115,155491.76367356884
2116,129121.72870099067
2117,146038.4227383088
2118,119079.94966115837
2119,123822.94307987986
2120,116643.6191404165
2121,104028.44585526176
2122,97995.45855749317
2123,93662.1349190243
2124,169175.20079345896
2125,138611.83995224547
2126,136298.41882539366
2127,186329.0627192686
2128,141933.09387108183
2129,41577.04653422139
2130,142751.1097839065
2131,155159.90972574253
2132,123695.06355052267
2133,134209.63923400769
2134,127960.83739704173
2135,112760.14020792104
2136,40332.542392456904
2137,107375.67720277375
2138,132113.17067896342
2139,168552.08948823914
2140,132949.70945410477
2141,183863.6305637901
2142,119598.94317605474
2143,154534.36485617666
2144,97345.73539239436
2145,136489.20344185375
2146,170103.67152940354
2147,129483.2169670898
2148,147214.4600933817
2149,151870.4677237071
2150,222798.94324488856
2151,124485.32328102074
2152,176852.13020649424
2153,195987.1431122803
2154,111356.63219785655
2155,156642.92828758957
2156,255158.4161839534
2157,231706.80012309004
2158,227370.43117016263
2159,222273.75543483638
2160,188343.1407840012
2161,257796.72703251382
2162,394913.7575945647
2163,353291.69124868093
2164,253447.20463870885
2165,189868.74755559058
2166,169947.15977197897
2167,215961.00554535456
2168,193949.14295827772
2169,194564.9978321792
2170,219858.58179472038
2171,159855.27026542334
2172,151539.6628258084
2173,186062.44782875816
2174,230611.1610144485
2175,292103.6354410916
2176,299289.8426707564
2177,240447.29243195627
2178,225035.4344224854
2179,141705.82852255215
2180,239998.23937145178
2181,199446.22698685492
2182,230074.01556209812
2183,191755.2348632043
2184,133462.29634594824
2185,127554.29148272728
2186,168310.3396045823
2187,179450.83083928435
2188,173374.97343594988
2189,305006.97671406344
2190,75520.82746028586
2191,77729.6016572382
2192,95096.56922847417
2193,126708.61019097897
2194,114815.490696655
2195,90780.50870487152
2196,112579.95625917288
2197,94089.46765775024
2198,173330.07177426375
2199,185852.52068208577
2200,157034.456149142
2201,132675.8074182726
2202,210848.34238466655
2203,138609.83286752633
2204,151841.01496598625
2205,111137.31283073628
2206,149682.16969722544
2207,222073.55740913807
2208,252872.64749534137
2209,208019.952528817
2210,117015.46967161004
2211,111069.25117116794
2212,141469.05362605455
2213,101620.37642181863
2214,147370.1367613013
2215,95182.25542571826
2216,155401.49441993318
2217,24883.998123387923
2218,94926.75637219066
2219,122628.7911797656
2220,38322.54929042549
2221,306029.43180319644
2222,284985.2879320611
2223,299262.21548070875
2224,233198.55397136568
2225,129059.5024177609
2226,197827.2333829623
2227,210425.55190142605
2228,284645.0549818019
2229,252905.0976808914
2230,151782.96993638005
2231,223085.4877409148
2232,194693.65800226608
2233,179571.12739868427
2234,256660.849083961
2235,226783.52699616703
2236,267508.49340392905
2237,320324.88871518103
2238,235182.81642463093
2239,127735.42447130033
2240,183357.8767001041
2241,161406.2607495311
2242,117518.63471050712
2243,117803.37609522685
2244,99408.33015961025
2245,96583.46351407154
2246,134070.60133501166
2247,146811.05539717583
2248,125078.69184610702
2249,111859.3591804275
2250,133584.67251494213
2251,102554.40360608266
2252,201121.71543453482
2253,170447.00434781692
2254,182391.3660350783
2255,212040.30096022435
2256,171872.21150992892
2257,213302.69468768185
2258,160054.14271018805
2259,187866.90037087107
2260,134898.65664120158
2261,183277.87284869852
2262,193689.71599749767
2263,346371.08570633247
2264,417801.7334485345
2265,152565.45678843115
2266,279734.9143977368
2267,353217.5176489493
2268,314886.05171533395
2269,175252.45972882933
2270,192925.65318746946
2271,223633.07633240765
2272,188793.90355808905
2273,160714.54392173246
2274,196333.72378675162
2275,181177.90333748178
2276,197458.50083265977
2277,196223.26690042007
2278,149417.0897040615
2279,98583.06413929607
2280,109661.31037465867
2281,167134.64642724942
2282,180574.31056589412
2283,116810.68226742593
2284,110464.33743940305
2285,140905.94697797985
2286,115607.63888630772
2287,346933.3828325684
2288,272685.566798009
2289,321635.1379838018
2290,387812.2022359818
2291,321112.7486262282
2292,387158.84856323246
2293,412476.92677084776
2294,360702.10605192464
2295,436290.9299711245
2296,259887.89183715614
2297,321602.26757995714
2298,343866.88417945453
2299,343148.23682849226
2300,313402.10488406103
2301,313218.83727149526
2302,243016.00754949695
2303,237339.49598174507
2304,237982.96403997927
2305,194930.42387735355
2306,192860.85403463163
2307,203101.90329426678
2308,231438.33674591512
2309,289215.9935439045
2310,205341.46327684866
2311,211363.5023237936
2312,175250.42789803143
2313,157880.93119704106
2314,173847.0470083668
2315,176008.14300083346
2316,201642.90566608193
2317,198269.93772821105
2318,180840.9413304294
2319,187223.09677868243
2320,175997.65097860736
2321,242378.98575137823
2322,194715.55934328074
2323,188066.08076341974
2324,198188.11632794375
2325,209685.17568415846
2326,190999.00854969246
2327,200643.47030367225
2328,222370.2895592939
2329,199477.68941046263
2330,196321.13139649958
2331,319707.8105835116
2332,354185.67372763646
2333,301083.9149363579
2334,247552.35815902904
2335,268932.41060246783
2336,293296.45688243094
2337,190226.12465950544
2338,256718.94842325198
2339,234294.64837807626
2340,395382.85570305027
2341,220085.96223773947
2342,234993.92269046826
2343,226936.43974225933
2344,228039.4516112958
2345,231871.6133144264
2346,201207.19675953547
2347,185796.19518780406
2348,239815.08579187095
2349,181343.05526065035
2350,319029.21740009007
2351,261460.57719143876
2352,261168.52129186317
2353,243356.56645782373
2354,150654.6478390356
2355,147021.75215899444
2356,135020.10901375732
2357,192252.5538698464
2358,184806.37384477677
2359,126614.85305084789
2360,103369.36103304883
2361,149899.48414313386
2362,269249.73200472235
2363,151926.5795372621
2364,172655.10173911322
2365,227774.80593562347
2366,189263.32389725256
2367,216291.79738763906
2368,206748.07661340362
2369,216618.79491600092
2370,169879.80230016017
2371,146413.1690227784
2372,184922.04062546662
2373,281424.0835018493
2374,311343.56408169423
2375,238434.1214088468
2376,305482.73972877883
2377,316432.60946053034
2378,152435.48301600583
2379,233610.06868186023
2380,158646.64857544925
2381,177380.11793806555
2382,231961.35146310332
2383,213862.29425128212
2384,250440.24732209824
2385,189439.75993737532
2386,136400.10660998302
2387,115347.1512122365
2388,112057.97037726303
2389,116215.66897259688
2390,160896.88609033648
2391,143070.4767092811
2392,103368.8318673108
2393,190217.8986254373
2394,132084.68855334492
2395,218917.73933571868
2396,142851.1977479678
2397,225491.9176695611
2398,126931.2420253643
2399,40441.55761892849
2400,60311.629626978654
2401,80541.51047989423
2402,146072.3942125946
2403,138756.07106372726
2404,159755.6565295587
2405,180327.21092180035
2406,133778.61302484723
2407,148554.86053767533
2408,148033.32213645603
2409,124283.3320907628
2410,179288.72715816915
2411,106501.85877810873
2412,159742.82215492998
2413,115418.20923814259
2414,147061.55087163567
2415,134927.75930503488
2416,136152.8033067803
2417,135412.66219961585
2418,121386.46411699255
2419,122519.96524139971
2420,101288.81421885488
2421,394446.8881469227
2422,96630.31931409962
2423,127999.78438956582
2424,141395.98860161158
2425,226784.25741296727
2426,140296.10016951011
2427,121440.05391695944
2428,192015.74253510206
2429,106560.94827268622
2430,137123.7891520051
2431,79081.87182254519
2432,131084.078379252
2433,136111.49470861594
2434,138284.05145771522
2435,139406.12331674236
2436,100701.2135159917
2437,102738.9177176872
2438,125755.18648302171
2439,98473.3197062522
2440,124559.09986449254
2441,123461.73572118266
2442,100366.77033293387
2443,146523.4374753026
2444,121374.18022847956
2445,103418.4754156085
2446,123656.02843831934
2447,204685.34985367523
2448,139306.46444154903
2449,114634.45853581105
2450,157887.24937409302
2451,117642.17223575781
2452,222255.21663821896
2453,99024.1970883772
2454,116648.497356417
2455,139198.77952993743
2456,135540.79200868483
2457,145101.31636689475
2458,118003.0436256883
2459,93182.68057555764
2460,148720.25073528604
2461,121543.00174965651
2462,136159.9625715511
2463,126698.98624874593
2464,194344.4694862404
2465,133093.02787623391
2466,124103.43358350964
2467,156195.12337928405
2468,78513.53388169908
2469,78124.26927306794
2470,210216.92223598727
2471,217352.4698002123
2472,169850.52216197434
2473,129125.45232445444
2474,23986.449126453605
2475,247883.48757391062
2476,104359.6464681857
2477,102846.67304173752
2478,152096.0403291207
2479,82913.42699713202
2480,161752.16970939084
2481,127927.84664699773
2482,125137.85817448422
2483,95387.65176763723
2484,135327.42355611676
2485,116623.87724929105
2486,140474.81168412126
2487,184181.86322849896
2488,173116.87300068804
2489,143906.01329645223
2490,174074.8871550843
2491,102794.65031021333
2492,197416.96897646668
2493,154533.65653971408
2494,142866.91031559883
2495,65554.03791850246
2496,226046.58901208744
2497,154719.17276006506
2498,90020.97650023305
2499,59602.74548553699
2500,117401.78686823382
2501,152879.75059943798
2502,154285.9867193919
2503,95277.46746653249
2504,491802.3566801811
2505,228663.3365866713
2506,271361.9884889696
2507,291743.54418206774
2508,269235.89667390333
2509,225344.32154349482
2510,221936.14668470842
2511,183807.4182976639
2512,205185.15807598585
2513,218673.5503419221
2514,283220.18912381004
2515,144398.40794767428
2516,178533.37776667287
2517,148944.8219380785
2518,156699.28727300605
2519,223453.80227593507
2520,235249.94073613558
2521,192024.002854508
2522,228609.54301519215
2523,120161.96387394448
2524,146399.3331478521
2525,153198.51715364342
2526,131137.34518769558
2527,106301.70663393463
2528,141549.85241794342
2529,138217.47989419464
2530,116769.35174848011
2531,254291.47524939803
2532,227073.38838526316
2533,208895.42197935132
2534,236364.60901672265
2535,285166.1716549238
2536,231681.49074941047
2537,241763.69769222068
2538,185765.51005170448
2539,199907.3450310469
2540,179790.62665888248
2541,187384.97443768627
2542,160562.39045400906
2543,132803.1770399307
2544,117958.905327535
2545,140161.17206440866
2546,139290.85917370592
2547,172830.30759131338
2548,154568.54492427688
2549,165012.56759662705
2550,705855.5500845977
2551,145937.86965199944
2552,150451.7946450439
2553,86151.96391840663
2554,86463.49478016875
2555,118830.74481275084
2556,75226.6227681801
2557,110431.34274779272
2558,174129.9995653599
2559,113801.50677453878
2560,161526.83942795475
2561,142424.40084874874
2562,149620.00406955287
2563,138109.946599058
2564,187408.31084909942
2565,160952.4249292462
2566,134753.4946906917
2567,114395.37860549742
2568,189622.47524750687
2569,215790.58145707904
2570,120119.42600012838
2571,165514.2285754328
2572,179518.57611155033
2573,228559.88339639048
2574,241897.84542859404
2575,137192.69190107204
2576,125321.13033409964
2577,136944.56889294228
2578,77035.35914860328
2579,5282.078652362688
2580,103649.90902045148
2581,139239.35447032005
2582,112249.45758101693
2583,282046.202418664
2584,197201.21280931763
2585,189541.43318524177
2586,228916.721110511
2587,218926.41517741617
2588,162808.32639262814
2589,180292.2912087458
2590,212138.48345690162
2591,251830.59859961434
2592,219647.95284334198
2593,276298.37622701284
2594,180812.25653026334
2595,217757.5533636926
2596,321643.0222694597
2597,201302.1815470258
2598,264983.0910447845
2599,281722.6484880559
2600,577820.5625756653
2601,177321.6482140947
2602,54447.94364742318
2603,78736.2452648856
2604,84078.04540796985
2605,59276.794304068084
2606,151683.85213184718
2607,248326.96312097192
2608,186411.98503557767
2609,179234.34517200198
2610,115737.53557776997
2611,170756.4521123427
2612,157977.93718806736
2613,130569.48404900532
2614,109883.84544078715
2615,179032.65379115276
2616,156064.85240053234
2617,208554.9472385106
2618,259563.21004053904
2619,240501.41022124037
2620,207231.52385641786
2621,185731.0572144409
2622,196958.39114843786
2623,240906.9598389006
2624,304974.92246167245
2625,264773.9722685509
2626,178664.1922178747
2627,166619.5369878778
2628,409842.7684488185
2629,432346.1463533796
2630,332876.7465241342
2631,418395.66749109
2632,382838.98093051556
2633,286658.02140168054
2634,372141.6584088353
2635,176630.1490473546
2636,178443.53900322947
2637,211081.29967695766
2638,252204.70921994443
2639,197439.14859770087
2640,165284.95907636767
2641,82609.31131302647
2642,185993.27984915918
2643,116211.57967272087
2644,122111.09085823095
2645,114641.03593542648
2646,99568.26922033436
2647,107753.04601541837
2648,151030.87603489484
2649,149212.06748003967
2650,150462.68050195475
2651,134096.4921015714
2652,368022.4044188936
2653,253342.97901262296
2654,248865.99414294772
2655,386973.18247075565
2656,321495.2379197709
2657,334625.3823387304
2658,310079.36032254784
2659,290274.6080955551
2660,336875.6820272135
2661,324093.34859545063
2662,353901.8948868376
2663,274014.96139853005
2664,279344.14047800633
2665,330576.9293589168
2666,283759.51421174523
2667,161850.5077036128
2668,171638.52536325366
2669,178667.69961314276
2670,279516.815429474
2671,190555.9575834698
2672,197170.7186129489
2673,200834.65968621953
2674,209676.4610205331
2675,162431.91619630554
2676,202350.6482496747
2677,215571.0954586001
2678,254193.80748222652
2679,274944.54446819564
2680,274735.9166545747
2681,382444.1419576763
2682,312359.6469584021
2683,454970.6731985416
2684,293352.732139413
2685,322445.93555852
2686,242123.0461592658
2687,286786.8493244443
2688,216058.13356344402
2689,199796.43006560532
2690,382994.4365061424
2691,179285.4381531797
2692,151291.07764343114
2693,198821.81155951857
2694,136041.8088758425
2695,201044.7598176155
2696,184533.57921375206
2697,190740.23629307072
2698,210292.82588875305
2699,158452.57524638448
2700,136452.8386499429
2701,145512.03467717988
2702,107154.13488014962
2703,141226.79105962405
2704,153226.7732096588
2705,81706.35553370055
2706,86701.99992830295
2707,128741.05812900525
2708,115091.37921623827
2709,113339.75711216789
2710,133073.6000293492
2711,238693.67694723362
2712,358211.1693622954
2713,163087.85178738378
2714,136841.75801437546
2715,162672.8051358204
2716,139092.47081341932
2717,182558.97761158738
2718,209505.34768143005
2719,115052.6804359731
2720,194119.84838305262
2721,131226.64601100876
2722,170127.41896036547
2723,172485.6689889338
2724,109701.02030674543
2725,119774.5014424239
2726,146789.40209447674
2727,164197.53640006913
2728,200344.70234209334
2729,153844.53141188587
2730,147122.6099310991
2731,134389.75767229672
2732,125507.84918737214
2733,169976.64413945295
2734,164466.1520783645
2735,137806.0285481318
2736,146989.54538786935
2737,106339.00862236519
2738,124791.13569193042
2739,163785.97365246795
2740,153190.15486538003
2741,145598.8207617961
2742,186797.4707646625
2743,162924.45739826106
2744,170374.53307513136
2745,154073.29977195826
2746,127559.34949325433
2747,163950.32290974015
2748,101282.6009946618
2749,136102.70258031075
2750,127392.60305061331
2751,133648.63912108878
2752,199749.72462583124
2753,162811.24619601364
2754,240899.9655041108
2755,143899.91582638246
2756,69351.33790170017
2757,58928.90928636794
2758,111510.52084567596
2759,166853.65522865264
2760,141962.46886237757
2761,152286.76433774747
2762,151172.3231400255
2763,184634.88365017844
2764,179595.1826984008
2765,305100.9896443414
2766,104334.28918328963
2767,55462.79582061188
2768,113943.84218328504
2769,121298.69167179626
2770,156314.42806634575
2771,83894.53731863562
2772,108254.22756777273
2773,182745.49518653832
2774,157123.75707249867
2775,135948.54068646661
2776,140185.54850011237
2777,145125.58683459053
2778,145234.82420661708
2779,112363.7000264423
2780,102749.4935186503
2781,82901.3916230388
2782,83834.61658190179
2783,87916.50455860235
2784,130633.05257463071
2785,117121.94759162806
2786,53206.04855545377
2787,143184.03300126584
2788,54764.18791362003
2789,200144.6620661253
2790,111108.99215001648
2791,114230.98779657704
2792,75905.62099109136
2793,190754.1837742061
2794,74017.4849247213
2795,114135.67858855624
2796,78680.7411032758
2797,180783.79228862177
2798,128859.58705695183
2799,128187.13478061894
2800,64980.45742932474
2801,113690.9245316753
2802,123204.96639355237
2803,133214.6625192248
2804,140200.12406714424
2805,108446.3803465335
2806,57262.685043424135
2807,192186.8283972683
2808,161658.89367493324
2809,129201.79525588488
2810,126747.80974120088
2811,176403.04680953955
2812,179091.00133717596
2813,141622.84529726987
2814,138996.66108706652
2815,93332.00112051156
2816,207221.23205614474
2817,140507.74282398948
2818,129477.93209951592
2819,193203.6521904812
2820,132398.47512374364
2821,93695.42087126896
2822,206997.9996752576
2823,307625.77554047666
2824,190122.41609070438
2825,180400.64706124982
2826,132191.7504802487
2827,130458.96382380475
2828,241431.35631529568
2829,224676.9160307845
2830,228404.62631926802
2831,196765.2253666669
2832,241587.32984632486
2833,299458.73008890543
2834,217551.88014152576
2835,219821.02714736958
2836,206375.450817051
2837,179190.96172573953
2838,143158.34732646483
2839,169185.07486001996
2840,215667.6249294387
2841,203345.09345144255
2842,234645.74400624319
2843,158659.39708627958
2844,202807.00434875034
2845,122951.0943127881
2846,212982.11771986575
2847,222269.26468558202
2848,231459.3373513884
2849,198276.09178010433
2850,289794.339748719
2851,223179.2579515063
2852,246209.6238914089
2853,234057.12827257963
2854,150107.04796047753
2855,204563.21522502427
2856,203726.10168047575
2857,193545.9643694769
2858,212227.85043284716
2859,105402.23759306478
2860,116432.35727093683
2861,140244.4831868771
2862,215407.69872460014
2863,152587.94158907572
2864,272912.59462939645
2865,147685.66997979907
2866,167288.74232457636
2867,89494.36172543943
2868,116371.4343815156
2869,101457.26699656306
2870,133666.74365591793
2871,78848.57215501019
2872,5230.089935764321
2873,76206.17288997176
2874,163436.52800748183
2875,135644.8756432389
2876,171081.0436370544
2877,139306.09576473094
2878,167390.2026843453
2879,119362.60672428121
2880,101363.9999229667
2881,112797.14259384386
2882,171210.31348913058
2883,190093.57414572465
2884,202241.18549532664
2885,188182.98527456413
2886,225715.09392486315
2887,109341.59708792367
2888,145683.43014452804
2889,60293.88922059606
2890,65036.100258931634
2891,137175.43601545494
2892,34797.037495950004
2893,87161.11918322183
2894,28606.980934409425
2895,328336.30190801714
2896,286080.6801804262
2897,224329.32613245898
2898,162691.92402114056
2899,227137.7798971926
2900,179776.5408789456
2901,183008.13157999667
2902,192156.38411284506
2903,315953.0897182985
2904,336545.79862772604
2905,37665.44631092332
2906,228096.94670429348
2907,97967.62691875861
2908,124288.15455314645
2909,150864.34721331915
2910,70188.5284307109
2911,54614.984778298414
2912,159598.9946878018
2913,63384.083864564775
2914,57987.18747497548
2915,79625.01404231798
2916,68650.27400423097
2917,183604.42033052864
2918,118093.93440715817
2919,258416.41760669812
